,metric,start date,pct correct,stocks picked,Sharpe Ratio,Avg Return,pct values
0,all,2004-01-01,0.5714285714285714,7,2.25519401977742,0.18694117826558987,"0    0.275168
1   -0.098289
2    0.658354
3   -0.069006
4    0.485030
5    0.107573
6   -0.050242
Name: Return, dtype: float64"
1,all,2004-04-01,0.42857142857142855,7,1.6127050489887769,0.05330658981227492,"0    0.376583
1    0.210256
2   -0.109920
3   -0.077818
4    0.172919
5   -0.164441
6   -0.034435
Name: Return, dtype: float64"
2,all,2004-07-01,0.2857142857142857,7,1.299323352822683,-0.013261200558465176,"0    0.000000
1    0.100958
2    0.021073
3   -0.042513
4    0.142077
5   -0.325000
6    0.010577
Name: Return, dtype: float64"
3,all,2004-10-01,1.0,7,2.369442404721468,0.1587524562382767,"0    0.055214
1    0.128350
2    0.101465
3    0.152737
4    0.179467
5    0.106206
6    0.387828
Name: Return, dtype: float64"
4,all,2005-01-01,0.2857142857142857,7,1.2481529307734696,-0.08853651859705411,"0   -0.682844
1    0.599360
2   -0.104495
3   -0.260906
4   -0.092142
5    0.044483
6   -0.123211
Name: Return, dtype: float64"
5,all,2005-04-01,0.5714285714285714,7,1.2012219148587056,0.08819833282518064,"0    0.172156
1    0.000000
2   -0.055459
3    0.262694
4    0.090516
5    0.181689
6   -0.034207
Name: Return, dtype: float64"
6,all,2005-07-01,1.0,7,1.346431138827026,0.26442850935543255,"0    0.237351
1    0.197791
2    0.345705
3    0.054776
4    0.274118
5    0.280241
6    0.461017
Name: Return, dtype: float64"
7,all,2005-10-01,0.42857142857142855,7,0.3453597154550468,0.045345308559832875,"0    0.025368
1    0.152964
2    0.017362
3    0.052571
4    0.016345
5    0.095245
6   -0.042438
Name: Return, dtype: float64"
8,all,2006-01-01,0.8571428571428571,7,0.8542687919240923,0.2738643275470299,"0    0.261017
1   -0.120337
2    0.542081
3    0.176528
4    0.315161
5    0.140913
6    0.601688
Name: Return, dtype: float64"
9,all,2006-04-01,0.375,8,0.14759536591706462,-0.023491373977416116,"0   -0.054886
1    0.484419
2   -0.340029
3    0.033040
4    0.046002
5    0.145805
6   -0.143680
7   -0.358602
Name: Return, dtype: float64"
10,all,2006-07-01,0.375,8,0.6990344211036523,0.017656188802191282,"0    0.056657
1    0.022517
2    0.097640
3   -0.082784
4   -0.066667
5   -0.013435
6    0.008911
7    0.118411
Name: Return, dtype: float64"
11,all,2006-10-01,0.75,8,1.631063964261588,0.12371317643995783,"0    0.258744
1    0.149001
2    0.168550
3    0.025824
4    0.122362
5    0.110011
6    0.135698
7    0.019515
Name: Return, dtype: float64"
12,all,2007-01-01,0.0,8,1.0995591391045343,-0.09348555827438695,"0   -0.022097
1   -0.182203
2   -0.155890
3   -0.166055
4   -0.033816
5   -0.246283
6    0.033883
7    0.024578
Name: Return, dtype: float64"
13,all,2007-04-01,0.375,8,0.03179377142103712,0.055541920096917365,"0    0.317497
1    0.007593
2   -0.072186
3    0.046349
4   -0.104166
5   -0.000229
6    0.269370
7   -0.019893
Name: Return, dtype: float64"
14,all,2007-07-01,0.625,8,0.4655937587946557,0.13888679062821124,"0   -0.003518
1    0.179444
2    0.067742
3    0.001567
4    0.325889
5    0.159633
6    0.015160
7    0.365177
Name: Return, dtype: float64"
15,all,2007-10-01,0.375,8,-0.6927912678865206,-0.008244712613994336,"0   -0.113567
1   -0.168628
2    0.344314
3    0.060403
4    0.093694
5   -0.229330
6   -0.055814
7    0.002971
Name: Return, dtype: float64"
16,all,2008-01-01,0.0,8,-1.581179494960082,-0.20292139006031268,"0   -0.118824
1   -0.379848
2   -0.225085
3   -0.265820
4   -0.109692
5   -0.025058
6   -0.116262
7   -0.382781
Name: Return, dtype: float64"
17,all,2008-04-01,0.125,8,-0.8199379347270607,-0.1438885821285293,"0   -0.323341
1   -0.280570
2   -0.128244
3   -0.176510
4   -0.173651
5    0.136506
6   -0.167889
7   -0.037410
Name: Return, dtype: float64"
18,all,2008-07-01,0.0,8,-0.7371896586228567,-0.31731159907660944,"0   -0.340804
1   -0.249535
2   -0.365771
3   -0.317362
4   -0.280324
5   -0.302871
6   -0.270313
7   -0.411511
Name: Return, dtype: float64"
19,all,2008-10-01,0.0,8,-0.10288192988909638,-0.20355239493638308,"0   -0.109572
1   -0.214700
2   -0.203546
3   -0.333396
4   -0.124530
5   -0.193802
6   -0.215074
7   -0.233800
Name: Return, dtype: float64"
20,all,2009-01-01,0.125,8,1.0160800480364942,-0.06546689005388094,"0    0.041637
1   -0.048262
2    0.035236
3    0.000000
4    0.000000
5    0.000000
6   -0.552347
7    0.000000
Name: Return, dtype: float64"
21,all,2009-04-01,0.875,8,1.9501797615098577,0.29404073846297935,"0    0.290322
1    0.404324
2    0.737078
3    0.223756
4    0.540540
5   -0.285372
6    0.138824
7    0.302854
Name: Return, dtype: float64"
22,all,2009-07-01,0.875,8,1.059388847352807,0.23684215828064992,"0    0.057206
1    0.446415
2    0.333135
3    0.757553
4    0.099678
5    0.222223
6    0.085036
7   -0.106509
Name: Return, dtype: float64"
23,all,2009-10-01,0.75,8,0.7959176552432867,0.23297497383654953,"0   -0.057677
1    0.734875
2   -0.105145
3    0.184519
4    0.262570
5    0.323892
6    0.165311
7    0.355454
Name: Return, dtype: float64"
24,all,2010-01-01,0.625,8,0.8123428891005046,0.07487327043173993,"0    0.000000
1    0.122292
2    0.300322
3    0.141740
4    0.063004
5    0.097360
6   -0.032686
7   -0.093045
Name: Return, dtype: float64"
25,all,2010-04-01,0.25,8,0.7917868874111239,-0.04330630287150432,"0    0.180982
1    0.028105
2   -0.067817
3    0.057348
4   -0.006976
5   -0.282787
6   -0.181818
7   -0.073487
Name: Return, dtype: float64"
26,all,2010-07-01,0.8888888888888888,9,1.5761007927179185,0.20527883696772883,"0    0.249558
1    0.171429
2    0.361083
3    0.451909
4    0.132339
5    0.000000
6    0.094538
7    0.162007
8    0.224648
Name: Return, dtype: float64"
27,all,2010-10-01,0.6666666666666666,9,0.07605372125790248,0.09464661436662086,"0    0.245243
1    0.185179
2   -0.037108
3   -0.052774
4   -0.098857
5    0.115775
6    0.114818
7    0.250921
8    0.128624
Name: Return, dtype: float64"
28,all,2011-01-01,0.4444444444444444,9,-0.7212493652335444,0.05754844260283397,"0   -0.128659
1   -0.042105
2   -0.076495
3    0.172680
4    0.456603
5   -0.033025
6    0.133607
7    0.107664
8   -0.072334
Name: Return, dtype: float64"
29,all,2011-04-01,0.5555555555555556,9,0.32467057623031387,-0.005576975401265598,"0    0.138904
1    0.201875
2   -0.153485
3   -0.046221
4   -0.041083
5    0.054100
6    0.072708
7   -0.352992
8    0.076002
Name: Return, dtype: float64"
30,all,2011-07-01,0.2222222222222222,9,0.5335451667617023,-0.0852610826006574,"0   -0.097836
1   -0.026299
2   -0.171578
3    0.027002
4   -0.288086
5    0.040028
6   -0.293619
7   -0.018456
8    0.061494
Name: Return, dtype: float64"
31,all,2011-10-01,0.6666666666666666,9,1.297894636024752,0.0934778211529588,"0    0.029207
1    0.172744
2    0.142727
3    0.219706
4    0.060015
5    0.034276
6    0.114015
7    0.061114
8    0.007497
Name: Return, dtype: float64"
32,all,2012-01-01,0.7777777777777778,9,1.043003182281283,0.16933750919644686,"0    0.187292
1    0.055868
2    0.669292
3   -0.012296
4    0.033437
5    0.179788
6    0.120029
7    0.185743
8    0.104884
Name: Return, dtype: float64"
33,all,2012-04-01,0.4444444444444444,9,1.284272246846051,-0.023950745806526785,"0   -0.160193
1    0.053394
2   -0.117950
3    0.000000
4    0.036604
5   -0.006739
6    0.087671
7   -0.149091
8    0.040747
Name: Return, dtype: float64"
34,all,2012-07-01,0.6666666666666666,9,1.6517541890197527,0.11775481154857873,"0    0.091512
1    0.153551
2    0.008355
3    0.615979
4    0.162146
5   -0.061897
6    0.079848
7    0.069431
8   -0.059132
Name: Return, dtype: float64"
35,all,2012-10-01,0.5555555555555556,9,2.2340189198855627,0.024705714116232617,"0    0.071799
1   -0.057416
2   -0.013076
3   -0.053115
4    0.067561
5    0.078448
6    0.046950
7    0.070529
8    0.010672
Name: Return, dtype: float64"
36,all,2013-01-01,0.4444444444444444,9,1.0863792132415075,0.0005080416195245235,"0   -0.162056
1   -0.211262
2    0.226390
3    0.147152
4   -0.127983
5    0.074040
6    0.089140
7    0.018454
8   -0.049303
Name: Return, dtype: float64"
37,all,2013-04-01,0.5555555555555556,9,1.673130049406482,0.07198419554665149,"0   -0.100988
1    0.053251
2   -0.064970
3   -0.014534
4   -0.000311
5    0.115784
6    0.082903
7    0.095995
8    0.480727
Name: Return, dtype: float64"
38,all,2013-07-01,0.5555555555555556,9,1.5575543729622758,0.1208743489913599,"0    0.089189
1   -0.043669
2   -0.053235
3    0.187445
4   -0.077859
5    0.039836
6    0.728237
7   -0.017523
8    0.235448
Name: Return, dtype: float64"
39,all,2013-10-01,0.5555555555555556,9,1.1567651548072098,0.07813073350544604,"0    0.035154
1    0.132674
2    0.021429
3    0.220639
4    0.073450
5    0.216850
6    0.127688
7   -0.124708
8    0.000000
Name: Return, dtype: float64"
40,all,2014-01-01,0.7777777777777778,9,0.9613958628143371,0.08909918781195028,"0    0.055491
1   -0.070843
2    0.099568
3    0.177674
4   -0.026263
5    0.147643
6    0.120229
7    0.096812
8    0.201582
Name: Return, dtype: float64"
41,all,2014-04-01,0.7777777777777778,9,1.0651681728856384,0.13507224524460157,"0    0.133073
1    0.159985
2    0.038122
3    0.236869
4    0.079616
5   -0.030590
6    0.337295
7    0.413980
8   -0.152700
Name: Return, dtype: float64"
42,all,2014-07-01,0.2222222222222222,9,-0.3562877819677662,-0.04043412310198046,"0   -0.092069
1    0.068564
2   -0.148226
3   -0.020986
4    0.177453
5   -0.111479
6   -0.077312
7   -0.014853
8   -0.145000
Name: Return, dtype: float64"
43,all,2014-10-01,0.4444444444444444,9,0.22548521110412661,0.007423520863340067,"0   -0.385946
1   -0.113967
2    0.128095
3   -0.071098
4   -0.102720
5    0.308613
6    0.204476
7    0.028582
8    0.070778
Name: Return, dtype: float64"
44,all,2015-01-01,0.4444444444444444,9,0.1675888817496882,0.05805732140593867,"0    0.246678
1   -0.138693
2    0.024822
3   -0.030688
4    0.023010
5    0.248263
6    0.121943
7    0.094164
8   -0.066983
Name: Return, dtype: float64"
45,all,2015-04-01,0.5555555555555556,9,0.1096716376855883,0.04498356780466123,"0    0.041873
1    0.157216
2    0.036781
3   -0.103343
4    0.237070
5    0.054587
6   -0.028363
7    0.004331
8    0.004700
Name: Return, dtype: float64"
46,all,2015-07-01,0.1111111111111111,9,-0.37101445278291634,-0.12386873068193253,"0    0.046295
1   -0.119062
2   -0.381335
3   -0.081204
4   -0.347432
5    0.000000
6    0.019838
7   -0.074415
8   -0.177504
Name: Return, dtype: float64"
47,all,2015-10-01,0.8,10,1.308105949930906,0.06692667994995442,"0    0.043727
1    0.020701
2    0.082285
3    0.106549
4    0.015602
5    0.066395
6    0.072155
7    0.104395
8    0.035615
9    0.121842
Name: Return, dtype: float64"
48,all,2016-01-01,0.1,10,1.2721563822655793,-0.07279116613432986,"0    0.080916
1   -0.100261
2   -0.198844
3    0.027802
4   -0.218975
5    0.025801
6   -0.033744
7   -0.296694
8    0.007220
9   -0.021134
Name: Return, dtype: float64"
49,all,2016-04-01,0.9,10,0.9361645058530467,0.19979870747654818,"0    0.265958
1    0.107293
2    0.169884
3    0.064380
4    0.563879
5    0.534159
6    0.207763
7    0.100133
8   -0.103520
9    0.088057
Name: Return, dtype: float64"
50,all,2016-07-01,0.8,10,1.2439209609551845,0.1598804395251293,"0    0.309523
1    0.245856
2    0.045865
3    0.126033
4    0.512324
5   -0.061906
6    0.082518
7   -0.066501
8    0.202018
9    0.203072
Name: Return, dtype: float64"
51,all,2016-10-01,0.2,10,1.6567740323392075,-0.03124328287098655,"0    0.148746
1   -0.170175
2    0.226793
3    0.024052
4   -0.208839
5   -0.171816
6   -0.011331
7    0.000925
8   -0.103822
9   -0.046965
Name: Return, dtype: float64"
52,all,2017-01-01,0.7,10,2.0853485142352817,0.05766338825017374,"0    0.136033
1    0.148905
2   -0.011879
3    0.060535
4    0.079900
5   -0.044988
6    0.122004
7    0.061281
8    0.125497
9   -0.100656
Name: Return, dtype: float64"
53,all,2017-04-01,1.0,10,1.5040112890556052,0.20109894615400875,"0    0.200195
1    0.069427
2    0.173532
3    0.577890
4    0.216324
5    0.267261
6    0.045743
7    0.086524
8    0.278609
9    0.095484
Name: Return, dtype: float64"
54,all,2017-07-01,0.7,10,1.0375273844334794,0.12255842614667231,"0    0.165106
1    0.342513
2   -0.035903
3   -0.092857
4    0.226819
5    0.247564
6    0.017173
7    0.046067
8    0.077569
9    0.231534
Name: Return, dtype: float64"
55,all,2017-10-01,0.8,10,1.4517074611674867,0.11213740226787113,"0    0.102130
1    0.048990
2    0.204861
3    0.004492
4    0.016594
5    0.100985
6    0.137226
7    0.280098
8    0.142391
9    0.083607
Name: Return, dtype: float64"
56,all,2018-01-01,0.5,10,0.12622753398796682,0.04603952064024372,"0    0.191428
1    0.165433
2   -0.014997
3   -0.037250
4   -0.166453
5    0.140651
6    0.113917
7    0.221552
8   -0.140762
9   -0.013124
Name: Return, dtype: float64"
57,all,2018-04-01,0.8,10,1.1401143900771715,0.06776802278736209,"0   -0.291610
1    0.133515
2    0.302830
3    0.138531
4    0.040362
5    0.045811
6    0.144335
7   -0.155372
8    0.158573
9    0.160706
Name: Return, dtype: float64"
58,all,2018-07-01,0.7,10,1.1372903988160294,0.12476297000391494,"0   -0.150804
1   -0.021484
2    0.249993
3    0.152778
4    0.044371
5    0.637238
6    0.209855
7    0.109961
8   -0.042719
9    0.058440
Name: Return, dtype: float64"
59,all,2018-10-01,0.1,10,0.3841167309746481,-0.15644925276427182,"0   -0.012537
1   -0.354626
2   -0.081807
3   -0.169234
4   -0.176575
5   -0.153868
6   -0.408602
7   -0.218259
8   -0.115543
9    0.126557
Name: Return, dtype: float64"
60,all,2019-01-01,0.9,10,2.1406858797648383,0.13367034744024758,"0    0.142538
1    0.170059
2    0.111796
3    0.124915
4    0.004756
5    0.156598
6    0.133790
7    0.071359
8    0.128269
9    0.292623
Name: Return, dtype: float64"
61,all,2019-04-01,0.6,10,0.27355890110680925,0.10717125937636407,"0    0.013902
1    0.086528
2    0.293906
3    0.214825
4   -0.167127
5    0.262943
6    0.208068
7    0.023149
8    0.007525
9    0.127994
Name: Return, dtype: float64"
62,all,2019-07-01,0.2,10,0.6753138126153709,-0.016415455264519423,"0   -0.019341
1   -0.177506
2   -0.037432
3   -0.031193
4    0.172274
5    0.004923
6   -0.192933
7    0.117712
8   -0.004660
9    0.004004
Name: Return, dtype: float64"
63,all,2019-10-01,0.2,10,0.16674228978097033,-0.013907808206551889,"0    0.027851
1   -0.038708
2   -0.060980
3   -0.042815
4   -0.077903
5   -0.016226
6   -0.020136
7   -0.095561
8    0.136688
9    0.048712
Name: Return, dtype: float64"
64,all,2020-01-01,0.1,10,1.1015475024272496,-0.263470655645874,"0   -0.251865
1   -0.293254
2   -0.002475
3   -0.522580
4   -0.325395
5   -0.099071
6   -0.155112
7   -0.751761
8    0.109844
9   -0.343038
Name: Return, dtype: float64"
65,all,2020-04-01,1.0,10,1.323211751928392,0.7523023915806797,"0    1.136717
1    0.507492
2    1.518140
3    0.851852
4    0.739446
5    1.352441
6    0.412688
7    0.290949
8    0.563124
9    0.150177
Name: Return, dtype: float64"
66,all,2020-07-01,0.9,10,1.2903048067446514,0.1622959901659449,"0    0.042780
1   -0.046875
2    0.140433
3    0.125730
4    0.331280
5    0.101523
6    0.232049
7    0.276029
8    0.066911
9    0.353100
Name: Return, dtype: float64"
67,all,2020-10-01,0.6,10,1.1239770685841068,0.1812660507840074,"0   -0.084830
1    0.515914
2    0.336207
3    0.199631
4   -0.027901
5   -0.038422
6    0.118984
7    0.552860
8   -0.094635
9    0.334853
Name: Return, dtype: float64"
68,all,2021-01-01,1.0,10,0.9333160154651285,0.24488188659275362,"0    0.521638
1    0.216095
2    0.133380
3    0.127775
4    0.345443
5    0.046107
6    0.354943
7    0.280626
8    0.189410
9    0.233402
Name: Return, dtype: float64"
69,all,2021-04-01,0.8181818181818182,11,1.1185786758698206,0.14633517743806054,"0     0.176848
1     0.151139
2     0.291883
3     0.158863
4     0.225252
5     0.214169
6    -0.084461
7     0.112045
8     0.411045
9    -0.127384
10    0.080287
Name: Return, dtype: float64"
70,all,2021-07-01,0.5454545454545454,11,-0.615000470065681,0.03239718093241518,"0    -0.182036
1    -0.122607
2     0.067358
3     0.127793
4     0.272510
5     0.178242
6     0.211322
7    -0.111198
8    -0.108796
9    -0.034274
10    0.058053
Name: Return, dtype: float64"
71,all,2021-10-01,0.7272727272727273,11,-0.16112330799776303,0.1353948322258225,"0     0.220838
1     0.254800
2     0.045272
3     0.029994
4    -0.049271
5     0.179276
6     0.237367
7     0.280036
8    -0.018453
9     0.146764
10    0.162719
Name: Return, dtype: float64"
72,all,2022-01-01,0.09090909090909091,11,-0.9014758256153141,-0.09820054050372429,"0    -0.069949
1    -0.041357
2    -0.285420
3    -0.060621
4    -0.053524
5    -0.103386
6    -0.163158
7     0.180560
8    -0.242318
9    -0.232269
10   -0.008765
Name: Return, dtype: float64"
73,all,2022-04-01,0.2727272727272727,11,0.18428034377440447,-0.06667424711667448,"0    -0.080133
1    -0.202945
2     0.066232
3     0.152315
4    -0.070801
5    -0.043470
6    -0.205262
7    -0.212100
8     0.068771
9    -0.199415
10   -0.006608
Name: Return, dtype: float64"
74,all,2022-07-01,0.09090909090909091,11,0.3687092542249131,-0.10106242130521555,"0    -0.132958
1    -0.152340
2    -0.115777
3    -0.239913
4    -0.120425
5    -0.126292
6     0.000000
7    -0.151927
8    -0.092449
9     0.039146
10   -0.018752
Name: Return, dtype: float64"
75,all,2022-10-01,0.6363636363636364,11,0.880761647557667,0.09200813524230891,"0     0.267345
1     0.217111
2     0.315118
3    -0.142439
4     0.283403
5     0.160410
6    -0.014532
7    -0.075099
8    -0.175649
9     0.057283
10    0.119138
Name: Return, dtype: float64"
76,all,2023-01-01,0.6363636363636364,11,0.9217545384390521,0.061222153488803194,"0     0.120434
1     0.065127
2     0.324818
3     0.102876
4    -0.009845
5     0.071193
6    -0.239701
7     0.044956
8     0.244007
9    -0.039775
10   -0.010647
Name: Return, dtype: float64"
77,all,2023-04-01,0.7272727272727273,11,1.5995802755030475,0.09185938624078273,"0     0.215155
1    -0.329590
2    -0.092913
3     0.108923
4     0.405775
5     0.086199
6     0.376508
7    -0.052333
8     0.134204
9     0.051057
10    0.107469
Name: Return, dtype: float64"
78,all,2023-07-01,0.0,11,0.4639780041031307,-0.11287100136768578,"0    -0.089452
1    -0.223344
2    -0.272237
3    -0.056677
4    -0.010876
5    -0.282726
6    -0.048759
7    -0.100234
8     0.011846
9    -0.129873
10   -0.039249
Name: Return, dtype: float64"
79,all,2023-10-01,0.5454545454545454,11,1.2988232198436316,0.1041937839677185,"0    -0.008007
1     0.108864
2     0.244523
3     0.131018
4    -0.036332
5    -0.224393
6     0.496845
7     0.371267
8    -0.020619
9    -0.070635
10    0.153601
Name: Return, dtype: float64"
80,income_statement,2004-01-01,0.5714285714285714,7,2.181363732815772,0.2256064506709715,"0    0.485030
1    0.275168
2    0.350540
3   -0.098289
4   -0.022552
5   -0.069006
6    0.658354
Name: Return, dtype: float64"
81,income_statement,2004-04-01,0.8571428571428571,7,2.1076647992483806,0.29765570881541026,"0    0.244444
1    0.752501
2    0.491191
3    0.376583
4    0.210256
5   -0.109920
6    0.118533
Name: Return, dtype: float64"
82,income_statement,2004-07-01,0.42857142857142855,7,1.992017156776532,0.0875267068752866,"0    0.511450
1    0.000000
2   -0.024637
3    0.063333
4   -0.004079
5    0.056043
6    0.010577
Name: Return, dtype: float64"
83,income_statement,2004-10-01,1.0,7,2.6932312732370445,0.22722036243694932,"0    0.055214
1    0.128350
2    0.101465
3    0.387828
4    0.152737
5    0.106206
6    0.658742
Name: Return, dtype: float64"
84,income_statement,2005-01-01,0.5714285714285714,7,1.5701738850012206,-0.02495446422605324,"0   -0.682844
1    0.045850
2    0.599360
3    0.165417
4   -0.104495
5   -0.260906
6    0.062937
Name: Return, dtype: float64"
85,income_statement,2005-04-01,0.42857142857142855,7,1.5820183006356447,0.05507395864932958,"0   -0.038939
1   -0.039261
2   -0.055459
3    0.105585
4    0.262694
5    0.181689
6   -0.030791
Name: Return, dtype: float64"
86,income_statement,2005-07-01,0.7142857142857143,7,1.21804034786943,0.12376783501080554,"0    0.274118
1    0.237351
2    0.197791
3    0.054776
4   -0.005546
5    0.078941
6    0.028943
Name: Return, dtype: float64"
87,income_statement,2005-10-01,0.5714285714285714,7,0.25739244115871945,0.11190727624527945,"0   -0.036543
1    0.201975
2    0.297835
3   -0.102892
4    0.025368
5    0.152964
6    0.244643
Name: Return, dtype: float64"
88,income_statement,2006-01-01,1.0,7,0.4875190495861116,0.24254561145121115,"0    0.169587
1    0.261017
2    0.542081
3    0.047468
4    0.139564
5    0.176528
6    0.361574
Name: Return, dtype: float64"
89,income_statement,2006-04-01,0.25,8,0.11984207561211618,-0.021435112274868478,"0    0.484419
1   -0.253774
2   -0.005186
3   -0.085165
4   -0.243225
5    0.090116
6   -0.104219
7   -0.054448
Name: Return, dtype: float64"
90,income_statement,2006-07-01,0.5,8,0.7707473674029068,0.03685538044252397,"0    0.056657
1    0.126444
2    0.022517
3   -0.066667
4   -0.013435
5   -0.004741
6    0.118411
7    0.055656
Name: Return, dtype: float64"
91,income_statement,2006-10-01,0.75,8,1.3540232102700345,0.12572032465396182,"0    0.258744
1    0.149001
2    0.033515
3    0.191323
4    0.168550
5    0.056443
6    0.025824
7    0.122362
Name: Return, dtype: float64"
92,income_statement,2007-01-01,0.25,8,1.3712402979020666,-0.06418213126148337,"0   -0.022097
1   -0.182203
2   -0.155890
3    0.131316
4    0.084797
5   -0.033816
6   -0.169507
7   -0.166055
Name: Return, dtype: float64"
93,income_statement,2007-04-01,0.5,8,0.45691099914886557,0.05963650823328418,"0    0.317497
1    0.144221
2    0.007593
3    0.200522
4   -0.072186
5    0.046349
6   -0.062738
7   -0.104166
Name: Return, dtype: float64"
94,income_statement,2007-07-01,0.625,8,0.5996199662101185,0.12879202901019177,"0    0.277406
1   -0.003518
2    0.179444
3    0.001567
4    0.325889
5    0.159633
6    0.015160
7    0.074755
Name: Return, dtype: float64"
95,income_statement,2007-10-01,0.375,8,-0.7107658777163254,0.032830220219161724,"0    0.344314
1    0.004175
2    0.060403
3    0.093694
4   -0.055814
5   -0.168628
6   -0.018472
7    0.002971
Name: Return, dtype: float64"
96,income_statement,2008-01-01,0.0,8,-1.47846505998384,-0.22349363982969103,"0   -0.118824
1   -0.196919
2   -0.379848
3   -0.265820
4   -0.109692
5   -0.225085
6   -0.025058
7   -0.466702
Name: Return, dtype: float64"
97,income_statement,2008-04-01,0.375,8,-0.6861498982432088,-0.03844253363371389,"0    0.045969
1    0.099486
2    0.018126
3   -0.280570
4    0.057271
5   -0.070514
6   -0.128244
7   -0.049064
Name: Return, dtype: float64"
98,income_statement,2008-07-01,0.0,8,-0.910549446820046,-0.2999544018732482,"0   -0.340804
1   -0.365771
2   -0.224492
3   -0.303504
4   -0.191467
5   -0.317362
6   -0.280324
7   -0.375909
Name: Return, dtype: float64"
99,income_statement,2008-10-01,0.125,8,-0.13703232240885715,-0.1672496637000103,"0   -0.171062
1   -0.211662
2   -0.124530
3   -0.379623
4   -0.423125
5   -0.214700
6   -0.024834
7    0.211538
Name: Return, dtype: float64"
100,income_statement,2009-01-01,0.125,8,0.9917246096554883,-0.10789507335273556,"0    0.041637
1   -0.339425
2   -0.552347
3   -0.048262
4    0.035236
5    0.000000
6    0.000000
7    0.000000
Name: Return, dtype: float64"
101,income_statement,2009-04-01,1.0,8,2.016315161033825,0.36738866648167,"0    0.225155
1    0.290322
2    0.540540
3    0.404324
4    0.737078
5    0.302854
6    0.223756
7    0.215081
Name: Return, dtype: float64"
102,income_statement,2009-07-01,1.0,8,1.3165188792067841,0.3242562087367141,"0    0.159511
1    0.535843
2    0.268073
3    0.333135
4    0.197191
5    0.757553
6    0.166920
7    0.175824
Name: Return, dtype: float64"
103,income_statement,2009-10-01,1.0,8,0.5046669452905478,0.2517163804865961,"0    0.248998
1    0.054267
2    0.734875
3    0.165311
4    0.366666
5    0.291476
6    0.035983
7    0.116153
Name: Return, dtype: float64"
104,income_statement,2010-01-01,0.5,8,0.9300766862277441,0.051035313737770295,"0    0.000000
1    0.122292
2    0.017424
3    0.097360
4    0.147461
5   -0.095204
6    0.141740
7   -0.022790
Name: Return, dtype: float64"
105,income_statement,2010-04-01,0.25,8,1.107866974394988,-0.0800227782989749,"0   -0.135803
1   -0.102447
2   -0.203271
3   -0.067817
4    0.044823
5   -0.195845
6    0.180982
7   -0.160804
Name: Return, dtype: float64"
106,income_statement,2010-07-01,0.7777777777777778,9,1.9814422699302838,0.16484004706516467,"0    0.249558
1    0.361083
2    0.300845
3    0.047377
4    0.171429
5    0.183732
6    0.032678
7    0.199482
8   -0.062623
Name: Return, dtype: float64"
107,income_statement,2010-10-01,1.0,9,0.007393230457126743,0.17425072331987948,"0    0.245243
1    0.095766
2    0.185179
3    0.205229
4    0.164382
5    0.138748
6    0.114818
7    0.278240
8    0.140651
Name: Return, dtype: float64"
108,income_statement,2011-01-01,0.4444444444444444,9,-0.27738860493175344,0.07820115616059044,"0   -0.128659
1   -0.042105
2   -0.076495
3    0.061301
4    0.670819
5    0.172680
6   -0.033025
7   -0.026663
8    0.105958
Name: Return, dtype: float64"
109,income_statement,2011-04-01,0.6666666666666666,9,0.8816749161834917,0.08219036185097497,"0   -0.046221
1    0.093109
2    0.068418
3    0.138904
4    0.260831
5    0.072708
6   -0.009595
7   -0.034886
8    0.196447
Name: Return, dtype: float64"
110,income_statement,2011-07-01,0.2222222222222222,9,0.2681454647716722,-0.13309758741176017,"0   -0.388868
1    0.040028
2   -0.026299
3   -0.171578
4   -0.293619
5   -0.075882
6    0.052581
7   -0.288086
8   -0.046154
Name: Return, dtype: float64"
111,income_statement,2011-10-01,0.7777777777777778,9,1.5046657484270511,0.09253908828644566,"0   -0.002129
1    0.105394
2    0.029207
3    0.091490
4    0.114015
5    0.050762
6    0.117419
7    0.183967
8    0.142727
Name: Return, dtype: float64"
112,income_statement,2012-01-01,0.8888888888888888,9,1.175622530887716,0.22863577174718971,"0    0.108875
1    0.174559
2    0.129626
3    0.189681
4    0.669292
5   -0.012296
6    0.345704
7    0.272492
8    0.179788
Name: Return, dtype: float64"
113,income_statement,2012-04-01,0.2222222222222222,9,0.7308815443698055,-0.0467313954427572,"0   -0.021438
1    0.053394
2   -0.073454
3   -0.190605
4   -0.117950
5    0.000000
6   -0.074269
7   -0.038367
8    0.042105
Name: Return, dtype: float64"
114,income_statement,2012-07-01,0.6666666666666666,9,1.846154452803444,0.13676508382831087,"0    0.153551
1    0.169753
2    0.134053
3    0.055917
4    0.615979
5    0.008355
6   -0.011006
7    0.079848
8    0.024436
Name: Return, dtype: float64"
115,income_statement,2012-10-01,0.2222222222222222,9,1.5681070397210972,-0.04747583126521859,"0   -0.131950
1   -0.045876
2   -0.057416
3    0.071799
4   -0.127968
5   -0.053115
6   -0.009868
7    0.104146
8   -0.177034
Name: Return, dtype: float64"
116,income_statement,2013-01-01,0.4444444444444444,9,1.6401066435766998,0.008783828710962682,"0   -0.047201
1   -0.162056
2   -0.211262
3    0.207506
4    0.226390
5    0.092288
6   -0.049303
7    0.044318
8   -0.021625
Name: Return, dtype: float64"
117,income_statement,2013-04-01,0.6666666666666666,9,2.072804146806575,0.13371596778879202,"0    0.618110
1   -0.100988
2    0.130679
3    0.134187
4    0.198782
5    0.053251
6    0.027379
7   -0.002204
8    0.144248
Name: Return, dtype: float64"
118,income_statement,2013-07-01,0.5555555555555556,9,2.196020784106472,0.133346070291205,"0   -0.020565
1   -0.075147
2    0.089189
3    0.169784
4   -0.043669
5    0.268139
6    0.702797
7    0.187445
8   -0.077859
Name: Return, dtype: float64"
119,income_statement,2013-10-01,0.7777777777777778,9,0.5952517319476904,0.08352951926787178,"0    0.083050
1    0.089107
2    0.132674
3   -0.209074
4    0.068502
5    0.035154
6    0.250975
7    0.073450
8    0.227928
Name: Return, dtype: float64"
120,income_statement,2014-01-01,0.5555555555555556,9,1.1124108585577548,0.05073410206844817,"0    0.096812
1    0.015609
2   -0.060555
3   -0.132422
4    0.177872
5    0.201582
6    0.099151
7    0.015835
8    0.042723
Name: Return, dtype: float64"
121,income_statement,2014-04-01,0.7777777777777778,9,1.301880840291411,0.1542460350303054,"0    0.133073
1    0.227172
2    0.127463
3    0.079616
4    0.309814
5    0.009588
6    0.413980
7   -0.063889
8    0.151398
Name: Return, dtype: float64"
122,income_statement,2014-07-01,0.4444444444444444,9,0.11182944918796565,0.0353824239843543,"0    0.124282
1   -0.014853
2    0.030891
3   -0.148226
4    0.201766
5    0.068564
6   -0.025966
7    0.177453
8   -0.095470
Name: Return, dtype: float64"
123,income_statement,2014-10-01,0.5555555555555556,9,0.24228627339886621,0.047634867562838745,"0   -0.048448
1   -0.071098
2    0.159935
3    0.059621
4    0.204476
5    0.016312
6   -0.113967
7    0.128095
8    0.093789
Name: Return, dtype: float64"
124,income_statement,2015-01-01,0.4444444444444444,9,0.2847157152007687,0.054709739715193675,"0    0.034066
1   -0.000495
2    0.121943
3    0.197287
4   -0.048415
5    0.108786
6    0.023010
7   -0.051668
8    0.107875
Name: Return, dtype: float64"
125,income_statement,2015-04-01,0.4444444444444444,9,0.10795065007165966,0.041319255675171994,"0    0.041873
1    0.157216
2    0.018352
3    0.033055
4    0.205886
5   -0.039847
6    0.054587
7   -0.044962
8   -0.054286
Name: Return, dtype: float64"
126,income_statement,2015-07-01,0.2222222222222222,9,-0.3876472110564101,-0.10882558720424404,"0    0.048780
1    0.046295
2   -0.346567
3    0.019838
4   -0.043817
5   -0.381335
6   -0.119062
7   -0.008459
8   -0.195103
Name: Return, dtype: float64"
127,income_statement,2015-10-01,0.6,10,1.7663713559009588,0.10970638742329471,"0    0.185974
1    0.234944
2    0.357671
3    0.020891
4    0.072155
5    0.002264
6    0.123998
7    0.020701
8    0.015602
9    0.062862
Name: Return, dtype: float64"
128,income_statement,2016-01-01,0.2,10,1.3753965636051384,-0.03200008806094683,"0    0.080916
1    0.007220
2   -0.218975
3    0.012612
4   -0.057324
5   -0.006612
6   -0.143509
7    0.038019
8    0.027802
9   -0.060149
Name: Return, dtype: float64"
129,income_statement,2016-04-01,0.9,10,0.5962841584734636,0.18088009996204196,"0    0.265958
1    0.112903
2    0.306351
3    0.006982
4    0.563879
5    0.054075
6    0.100110
7    0.169884
8    0.100133
9    0.128525
Name: Return, dtype: float64"
130,income_statement,2016-07-01,0.8,10,1.59877985446694,0.1714143208102495,"0    0.452297
1    0.172553
2    0.157200
3    0.245856
4    0.021668
5    0.160723
6    0.049700
7    0.410970
8   -0.039343
9    0.082518
Name: Return, dtype: float64"
131,income_statement,2016-10-01,0.5,10,2.2212422188951866,0.010016781564083222,"0    0.525924
1    0.000925
2   -0.024769
3    0.048630
4    0.036409
5   -0.045931
6   -0.270970
7    0.190353
8    0.075664
9   -0.436068
Name: Return, dtype: float64"
132,income_statement,2017-01-01,0.7,10,2.5921091375485634,0.08921899607874824,"0    0.136033
1    0.148905
2   -0.055585
3    0.135004
4   -0.011879
5   -0.021822
6    0.125497
7    0.060535
8    0.079900
9    0.295601
Name: Return, dtype: float64"
133,income_statement,2017-04-01,0.8,10,1.5361027724150973,0.18235563354038958,"0    0.366009
1    0.278609
2    0.577890
3    0.047204
4    0.180905
5    0.200195
6    0.187873
7   -0.139041
8   -0.022828
9    0.146740
Name: Return, dtype: float64"
134,income_statement,2017-07-01,0.8,10,1.4283677925453153,0.1621149851835514,"0    0.092479
1    0.222930
2    0.165106
3    0.186021
4    0.511306
5    0.342513
6    0.104176
7   -0.092857
8    0.017173
9    0.072303
Name: Return, dtype: float64"
135,income_statement,2017-10-01,0.8,10,0.9519818993007764,0.06079985552701642,"0    0.048990
1    0.102130
2    0.055541
3    0.083607
4   -0.008465
5    0.003370
6    0.050505
7    0.167642
8    0.049138
9    0.055542
Name: Return, dtype: float64"
136,income_statement,2018-01-01,0.5,10,0.20436595018114065,0.041403768137846395,"0    0.165433
1   -0.014997
2   -0.148497
3    0.068662
4   -0.140762
5    0.213665
6    0.151339
7    0.009808
8    0.113917
9   -0.004530
Name: Return, dtype: float64"
137,income_statement,2018-04-01,0.7,10,1.1518228953405036,0.15176816968609522,"0   -0.291610
1    0.029405
2    0.302830
3    0.138531
4    0.133515
5    0.105664
6    0.158573
7    0.290323
8    0.024022
9    0.626430
Name: Return, dtype: float64"
138,income_statement,2018-07-01,0.7,10,1.1367295579994525,0.13357222944992256,"0   -0.021484
1    0.044371
2    0.152778
3    0.637238
4    0.249993
5    0.001255
6    0.072031
7   -0.042719
8    0.109961
9    0.132298
Name: Return, dtype: float64"
139,income_statement,2018-10-01,0.0,10,0.4331901814027817,-0.13886046591309636,"0   -0.176575
1   -0.169234
2   -0.081807
3   -0.153868
4   -0.170507
5   -0.012537
6   -0.115543
7   -0.218259
8   -0.120279
9   -0.169997
Name: Return, dtype: float64"
140,income_statement,2019-01-01,0.8,10,1.7741108755163884,0.11086375156775743,"0    0.170059
1    0.142833
2    0.142085
3    0.026667
4    0.115008
5    0.095169
6    0.097889
7    0.142538
8    0.176390
9    0.000000
Name: Return, dtype: float64"
141,income_statement,2019-04-01,0.5,10,0.30214435438477794,0.056661716474600665,"0    0.013902
1    0.127994
2   -0.167127
3    0.036902
4    0.114935
5    0.023402
6    0.023149
7    0.480593
8   -0.219055
9    0.131921
Name: Return, dtype: float64"
142,income_statement,2019-07-01,0.4,10,0.7859321057340238,0.014732395614013353,"0   -0.069150
1   -0.097935
2    0.081518
3   -0.012670
4   -0.058676
5   -0.037432
6    0.072420
7   -0.020737
8    0.117712
9    0.172274
Name: Return, dtype: float64"
143,income_statement,2019-10-01,0.5,10,0.5496633753951463,0.08307181859649079,"0   -0.020136
1    0.203404
2    0.016629
3    0.046099
4    0.172734
5    0.001049
6   -0.060980
7   -0.009277
8    0.224733
9    0.256464
Name: Return, dtype: float64"
144,income_statement,2020-01-01,0.1,10,1.36992095463314,-0.20690859458132754,"0   -0.260711
1   -0.251865
2   -0.090248
3   -0.365304
4   -0.298345
5    0.071426
6   -0.124019
7   -0.293254
8   -0.290836
9   -0.165929
Name: Return, dtype: float64"
145,income_statement,2020-04-01,1.0,10,1.451529079212016,0.6468196570559652,"0    0.844726
1    0.569869
2    0.507492
3    0.490333
4    0.739446
5    0.563124
6    1.518140
7    0.347979
8    0.525852
9    0.361236
Name: Return, dtype: float64"
146,income_statement,2020-07-01,0.5,10,0.9694366648895097,0.09485007387627163,"0   -0.132471
1    0.353100
2   -0.046875
3    0.140433
4    0.002727
5    0.042780
6    0.276029
7   -0.016016
8    0.331280
9   -0.002486
Name: Return, dtype: float64"
147,income_statement,2020-10-01,0.9,10,1.4595498237924827,0.20539899989899224,"0    0.005888
1    0.422293
2    0.174143
3    0.191091
4    0.199631
5    0.515914
6    0.041654
7    0.061432
8    0.098535
9    0.343411
Name: Return, dtype: float64"
148,income_statement,2021-01-01,0.8,10,0.6447563412925812,0.28534705012481043,"0    0.704777
1   -0.064208
2    0.216095
3   -0.005437
4    0.354943
5    0.127775
6    0.195891
7    0.049753
8    1.227774
9    0.046107
Name: Return, dtype: float64"
149,income_statement,2021-04-01,0.45454545454545453,11,0.8967457945856254,0.07082641329178757,"0    -0.040688
1     0.028433
2    -0.036753
3    -0.084461
4     0.115956
5     0.291883
6     0.045619
7     0.311360
8     0.007204
9     0.112045
10    0.028493
Name: Return, dtype: float64"
150,income_statement,2021-07-01,0.36363636363636365,11,-0.5800636776791099,0.015694531598070858,"0     0.028834
1     0.272510
2    -0.182036
3    -0.122607
4     0.067358
5     0.087125
6     0.007808
7    -0.041773
8     0.342672
9    -0.140073
10   -0.147180
Name: Return, dtype: float64"
151,income_statement,2021-10-01,0.7272727272727273,11,-0.33970983240305413,0.11913825107949413,"0    -0.012861
1     0.220838
2    -0.020182
3     0.254800
4     0.045272
5     0.094594
6     0.010199
7     0.191986
8     0.227517
9     0.059331
10    0.239024
Name: Return, dtype: float64"
152,income_statement,2022-01-01,0.0,11,-0.9628174072700133,-0.15268967755477894,"0    -0.540673
1    -0.112823
2     0.027452
3    -0.163158
4    -0.185775
5     0.003258
6    -0.285420
7    -0.137211
8     0.030730
9    -0.069949
10   -0.246017
Name: Return, dtype: float64"
153,income_statement,2022-04-01,0.18181818181818182,11,0.20490808449576106,-0.1288762417188812,"0     0.068771
1    -0.080133
2    -0.053409
3     0.066232
4    -0.418994
5    -0.006608
6    -0.307649
7    -0.212100
8    -0.051197
9    -0.226252
10   -0.196299
Name: Return, dtype: float64"
154,income_statement,2022-07-01,0.09090909090909091,11,0.501427198459453,-0.06353460418588708,"0     0.178904
1    -0.132958
2    -0.152340
3    -0.239913
4     0.002476
5    -0.120425
6     0.026362
7    -0.040252
8    -0.144644
9     0.000000
10   -0.076091
Name: Return, dtype: float64"
155,income_statement,2022-10-01,0.36363636363636365,11,0.4062704160495596,-0.003271551063386964,"0     0.012955
1     0.160410
2     0.023349
3    -0.014532
4     0.268797
5     0.446119
6    -0.385178
7     0.083206
8    -0.438183
9    -0.017282
10   -0.175649
Name: Return, dtype: float64"
156,income_statement,2023-01-01,0.5454545454545454,11,1.5838339283274658,0.08733475115602553,"0     0.150086
1     0.065127
2     0.003512
3     0.211979
4    -0.039775
5    -0.015870
6     0.076404
7     0.324818
8    -0.010647
9    -0.009845
10    0.204894
Name: Return, dtype: float64"
157,income_statement,2023-04-01,0.9090909090909091,11,1.9719676134609754,0.1471546645974999,"0     0.108923
1    -0.329590
2     0.545727
3     0.192481
4     0.376508
5     0.190900
6     0.100300
7     0.109646
8     0.218683
9     0.041748
10    0.063375
Name: Return, dtype: float64"
158,income_statement,2023-07-01,0.2727272727272727,11,1.2976282561125374,0.007893214253302576,"0     0.034861
1     0.534274
2     0.011846
3    -0.270141
4     0.110266
5    -0.143616
6    -0.101514
7    -0.029801
8    -0.070805
9    -0.074730
10    0.086185
Name: Return, dtype: float64"
159,income_statement,2023-10-01,0.6363636363636364,11,1.2112310426891368,0.0899022991656491,"0     0.097923
1     0.081816
2    -0.050001
3     0.056723
4    -0.016205
5     0.234654
6     0.023163
7     0.055993
8     0.045709
9     0.465770
10   -0.006620
Name: Return, dtype: float64"
160,balance_sheet,2004-01-01,0.2857142857142857,7,1.6203079265637061,0.019665763455140147,"0   -0.098289
1    0.485030
2   -0.134696
3   -0.069006
4   -0.134942
5   -0.154947
6    0.244509
Name: Return, dtype: float64"
161,balance_sheet,2004-04-01,0.8571428571428571,7,2.602519348638539,0.2100529798566025,"0    0.137097
1    0.752501
2    0.376583
3    0.080675
4    0.039683
5   -0.109920
6    0.193751
Name: Return, dtype: float64"
162,balance_sheet,2004-07-01,0.14285714285714285,7,1.8518754814887946,0.013151875698295568,"0   -0.024637
1    0.010577
2   -0.019188
3    0.000000
4    0.012633
5   -0.004079
6    0.116758
Name: Return, dtype: float64"
163,balance_sheet,2004-10-01,0.8571428571428571,7,2.408188621626722,0.1663792011542585,"0    0.055214
1    0.128350
2    0.101465
3    0.632245
4    0.152737
5    0.106206
6   -0.011563
Name: Return, dtype: float64"
164,balance_sheet,2005-01-01,0.14285714285714285,7,1.5539616827302138,-0.08442155876281036,"0   -0.682844
1    0.599360
2   -0.054759
3   -0.104495
4   -0.263364
5   -0.044651
6   -0.040198
Name: Return, dtype: float64"
165,balance_sheet,2005-04-01,0.5714285714285714,7,1.4947416281744503,0.06309565734398588,"0    0.192164
1   -0.055459
2    0.172156
3   -0.046638
4    0.262694
5    0.052491
6   -0.135738
Name: Return, dtype: float64"
166,balance_sheet,2005-07-01,0.8571428571428571,7,1.3598130255409917,0.14155348828251488,"0    0.274118
1    0.237351
2    0.112288
3    0.197791
4   -0.005546
5    0.054776
6    0.120095
Name: Return, dtype: float64"
167,balance_sheet,2005-10-01,0.42857142857142855,7,0.37277841992968186,0.1471049888580826,"0    0.617551
1    0.025368
2    0.217903
3    0.152964
4    0.035129
5    0.017362
6   -0.036543
Name: Return, dtype: float64"
168,balance_sheet,2006-01-01,1.0,7,0.5447836502612226,0.3044670863674228,"0    0.261017
1    0.542081
2    0.601688
3    0.047468
4    0.176528
5    0.361574
6    0.140913
Name: Return, dtype: float64"
169,balance_sheet,2006-04-01,0.125,8,-0.5087102599996153,-0.11409509633454554,"0   -0.253774
1    0.484419
2   -0.340029
3   -0.043854
4   -0.130040
5   -0.358602
6   -0.098436
7   -0.172445
Name: Return, dtype: float64"
170,balance_sheet,2006-07-01,0.125,8,0.7812839626480887,-0.04951883578645561,"0   -0.031002
1   -0.211120
2    0.056657
3   -0.070316
4   -0.082784
5    0.022517
6   -0.066667
7   -0.013435
Name: Return, dtype: float64"
171,balance_sheet,2006-10-01,0.75,8,1.6181353029553462,0.1227017063386602,"0    0.258744
1    0.149001
2    0.110011
3   -0.038526
4    0.168550
5    0.191478
6    0.116531
7    0.025824
Name: Return, dtype: float64"
172,balance_sheet,2007-01-01,0.125,8,1.2315211946190507,-0.09554175667893562,"0   -0.022097
1   -0.182203
2   -0.155890
3   -0.089668
4    0.131679
5   -0.033816
6   -0.166055
7   -0.246283
Name: Return, dtype: float64"
173,balance_sheet,2007-04-01,0.625,8,0.43889087652187725,0.08190183193843595,"0    0.115385
1    0.317497
2    0.007593
3   -0.072186
4    0.046349
5    0.144221
6   -0.104166
7    0.200522
Name: Return, dtype: float64"
174,balance_sheet,2007-07-01,0.5,8,-0.12109625128705083,0.037878371878594747,"0    0.108511
1    0.067742
2   -0.003518
3    0.097351
4   -0.144626
5    0.179444
6   -0.003444
7    0.001567
Name: Return, dtype: float64"
175,balance_sheet,2007-10-01,0.625,8,-0.5093826537125664,0.10440771419007394,"0    0.344314
1    0.060403
2    0.093694
3    0.382793
4   -0.113567
5    0.292067
6   -0.055814
7   -0.168628
Name: Return, dtype: float64"
176,balance_sheet,2008-01-01,0.125,8,-1.0819926140831952,-0.08715168460636682,"0   -0.118824
1   -0.379848
2    0.016562
3   -0.109692
4   -0.196919
5   -0.165946
6   -0.090736
7    0.348191
Name: Return, dtype: float64"
177,balance_sheet,2008-04-01,0.375,8,-0.8153328286005983,-0.08600518806566265,"0    0.095437
1   -0.037901
2   -0.323341
3    0.136506
4   -0.265813
5   -0.280570
6   -0.098443
7    0.086083
Name: Return, dtype: float64"
178,balance_sheet,2008-07-01,0.0,8,-0.7607673255886332,-0.2693741463359858,"0   -0.340804
1   -0.248689
2    0.011628
3   -0.365771
4   -0.317362
5   -0.280324
6   -0.310798
7   -0.302871
Name: Return, dtype: float64"
179,balance_sheet,2008-10-01,0.0,8,-0.15217800057568376,-0.2561439136136732,"0   -0.093518
1   -0.321311
2   -0.222993
3   -0.148985
4   -0.445270
5   -0.423125
6   -0.214700
7   -0.179250
Name: Return, dtype: float64"
180,balance_sheet,2009-01-01,0.125,8,0.49479274461185835,-0.1584793792167844,"0   -0.112086
1    0.041637
2   -0.048262
3   -0.468612
4   -0.103495
5   -0.059907
6   -0.552347
7    0.035236
Name: Return, dtype: float64"
181,balance_sheet,2009-04-01,0.875,8,1.8322257045832844,0.21738660145102368,"0   -0.285372
1    0.290322
2    0.404324
3    0.737078
4    0.223756
5    0.097228
6    0.105433
7    0.166325
Name: Return, dtype: float64"
182,balance_sheet,2009-07-01,1.0,8,1.1871787473656332,0.36991726382186385,"0    0.057206
1    0.362880
2    0.222223
3    0.333135
4    0.446415
5    0.535843
6    0.244082
7    0.757553
Name: Return, dtype: float64"
183,balance_sheet,2009-10-01,0.625,8,1.1730240173026887,0.08065095627841387,"0    0.136319
1   -0.057677
2    0.161931
3   -0.000382
4    0.161558
5    0.004364
6    0.170046
7    0.069050
Name: Return, dtype: float64"
184,balance_sheet,2010-01-01,0.625,8,0.8330833417373784,0.15935456421253125,"0    0.267453
1   -0.032686
2    0.000000
3    0.511162
4    0.348942
5    0.122292
6    0.099263
7   -0.041590
Name: Return, dtype: float64"
185,balance_sheet,2010-04-01,0.125,8,0.7120249941551992,-0.16587554506646962,"0    0.057348
1   -0.135803
2   -0.318784
3   -0.396290
4   -0.067817
5   -0.141287
6   -0.181818
7   -0.142553
Name: Return, dtype: float64"
186,balance_sheet,2010-07-01,0.6666666666666666,9,1.5300111768217872,0.10397884773315422,"0    0.249558
1    0.132339
2   -0.120000
3   -0.072115
4    0.120093
5    0.148670
6    0.339248
7    0.133905
8    0.004112
Name: Return, dtype: float64"
187,balance_sheet,2010-10-01,0.7777777777777778,9,-0.10322914362163964,0.12988323600066753,"0   -0.037108
1   -0.098857
2    0.245243
3    0.205701
4    0.046019
5    0.185179
6    0.250921
7    0.208970
8    0.162883
Name: Return, dtype: float64"
188,balance_sheet,2011-01-01,0.5555555555555556,9,-0.6803654408841883,0.04117176499772795,"0   -0.128659
1   -0.042105
2   -0.176051
3   -0.076495
4    0.094433
5    0.172680
6    0.107664
7    0.286798
8    0.132281
Name: Return, dtype: float64"
189,balance_sheet,2011-04-01,0.6666666666666666,9,1.0723185971980715,0.08917475569864493,"0    0.260831
1    0.201875
2    0.074555
3   -0.071537
4    0.138904
5    0.122533
6    0.218504
7   -0.035767
8   -0.107324
Name: Return, dtype: float64"
190,balance_sheet,2011-07-01,0.1111111111111111,9,0.6709548147359302,-0.09943301183880171,"0   -0.026299
1   -0.171578
2   -0.057737
3   -0.388868
4    0.027002
5   -0.010881
6   -0.018478
7    0.040028
8   -0.288086
Name: Return, dtype: float64"
191,balance_sheet,2011-10-01,0.7777777777777778,9,1.1352021630848539,0.06730980965856949,"0    0.029207
1    0.140251
2   -0.189484
3    0.077375
4    0.067487
5    0.117419
6    0.105770
7    0.203671
8    0.054094
Name: Return, dtype: float64"
192,balance_sheet,2012-01-01,0.8888888888888888,9,1.1326719913711552,0.21780392338456095,"0    0.198869
1    0.345704
2    0.051400
3   -0.001620
4    0.189681
5    0.669292
6    0.174559
7    0.179788
8    0.152563
Name: Return, dtype: float64"
193,balance_sheet,2012-04-01,0.0,9,0.11892187596860812,-0.08847251231294867,"0   -0.073454
1   -0.006739
2   -0.117950
3    0.000000
4   -0.283935
5    0.016785
6   -0.149091
7   -0.153456
8   -0.028414
Name: Return, dtype: float64"
194,balance_sheet,2012-07-01,0.7777777777777778,9,1.3698728254104384,0.09952281795407869,"0    0.169753
1    0.153551
2   -0.039846
3    0.091984
4    0.046046
5    0.296537
6    0.030273
7    0.071513
8    0.075895
Name: Return, dtype: float64"
195,balance_sheet,2012-10-01,0.2222222222222222,9,1.7267482094436817,-0.018878394790923944,"0   -0.131950
1   -0.057416
2   -0.045876
3    0.046950
4    0.071799
5    0.011053
6   -0.009868
7   -0.053115
8   -0.001481
Name: Return, dtype: float64"
196,balance_sheet,2013-01-01,0.4444444444444444,9,1.7667857633441932,0.06517587512175638,"0   -0.162056
1   -0.211262
2    0.226390
3   -0.049303
4   -0.021625
5   -0.024365
6    0.229987
7    0.275891
8    0.322925
Name: Return, dtype: float64"
197,balance_sheet,2013-04-01,0.6666666666666666,9,2.2615990702157798,0.10356162836513887,"0    0.190294
1    0.350448
2    0.000959
3    0.053251
4   -0.000311
5    0.144248
6   -0.068434
7    0.062818
8    0.198782
Name: Return, dtype: float64"
198,balance_sheet,2013-07-01,0.7777777777777778,9,1.5986814992958764,0.10464599458211234,"0   -0.075147
1    0.089189
2    0.221030
3    0.173857
4   -0.077859
5    0.192014
6    0.160673
7    0.187445
8    0.070612
Name: Return, dtype: float64"
199,balance_sheet,2013-10-01,0.7777777777777778,9,0.5660846089477277,0.05617694381825521,"0    0.068502
1    0.083050
2    0.227928
3   -0.214683
4    0.089107
5    0.044146
6   -0.025840
7    0.105694
8    0.127688
Name: Return, dtype: float64"
200,balance_sheet,2014-01-01,0.5555555555555556,9,1.109294762111891,0.02625292502850795,"0    0.177872
1    0.045080
2   -0.132422
3    0.042723
4    0.055491
5   -0.026263
6    0.177674
7   -0.060555
8   -0.043323
Name: Return, dtype: float64"
201,balance_sheet,2014-04-01,0.8888888888888888,9,1.0511371966598722,0.19334496285019293,"0    0.133073
1    0.333333
2   -0.092017
3    0.227172
4    0.159985
5    0.194752
6    0.309814
7    0.136697
8    0.337295
Name: Return, dtype: float64"
202,balance_sheet,2014-07-01,0.2222222222222222,9,0.7157544640905199,0.008447220074869644,"0    0.124282
1   -0.014853
2   -0.092069
3   -0.038328
4   -0.020986
5    0.013106
6   -0.006939
7   -0.095923
8    0.207734
Name: Return, dtype: float64"
203,balance_sheet,2014-10-01,0.7777777777777778,9,0.1414278492264562,0.07895165161386741,"0    0.057006
1    0.233074
2    0.059621
3    0.084582
4    0.128095
5    0.034633
6    0.009647
7    0.065304
8    0.038604
Name: Return, dtype: float64"
204,balance_sheet,2015-01-01,0.5555555555555556,9,0.12038192519538032,0.05125366441811266,"0    0.246678
1   -0.051668
2   -0.093258
3    0.121943
4   -0.138693
5    0.023010
6    0.159135
7    0.077575
8    0.116561
Name: Return, dtype: float64"
205,balance_sheet,2015-04-01,0.3333333333333333,9,-0.04336617026422822,0.045628756118902325,"0    0.041873
1   -0.015335
2    0.157216
3   -0.007035
4   -0.004771
5    0.237070
6    0.004700
7    0.028443
8   -0.031502
Name: Return, dtype: float64"
206,balance_sheet,2015-07-01,0.2222222222222222,9,0.15191771162804937,-0.07097395358394204,"0   -0.259080
1   -0.043817
2    0.046295
3   -0.328823
4   -0.119062
5    0.019838
6    0.097924
7   -0.008459
8   -0.043580
Name: Return, dtype: float64"
207,balance_sheet,2015-10-01,0.7,10,1.7698253090028166,0.11368814508765912,"0    0.062862
1    0.342622
2   -0.039933
3   -0.099199
4    0.152156
5    0.020701
6    0.163450
7    0.104395
8    0.357671
9    0.072155
Name: Return, dtype: float64"
208,balance_sheet,2016-01-01,0.3,10,1.1482112198637984,-0.07383020032585078,"0    0.080916
1    0.038019
2   -0.218975
3   -0.124075
4    0.007220
5    0.039351
6   -0.357718
7   -0.143509
8   -0.002207
9   -0.057324
Name: Return, dtype: float64"
209,balance_sheet,2016-04-01,0.7,10,0.6010194365305762,0.19075535743588629,"0    0.265958
1    0.029163
2    0.100133
3    0.488688
4    0.103180
5    0.306351
6    0.006982
7    0.108142
8    0.563879
9   -0.064924
Name: Return, dtype: float64"
210,balance_sheet,2016-07-01,0.6,10,1.00421586903244,0.10144583679678003,"0    0.082518
1    0.203072
2   -0.039343
3    0.410970
4   -0.092938
5   -0.069536
6    0.172553
7    0.098969
8    0.245856
9    0.002337
Name: Return, dtype: float64"
211,balance_sheet,2016-10-01,0.5,10,2.033476881897006,0.06819152433527167,"0    0.245015
1    0.525924
2    0.024052
3   -0.270970
4    0.000925
5    0.217007
6    0.148746
7   -0.208839
8   -0.183893
9    0.183949
Name: Return, dtype: float64"
212,balance_sheet,2017-01-01,0.5,10,1.3928961209153758,0.04491133270410691,"0    0.278459
1    0.136033
2    0.148905
3   -0.055585
4   -0.065365
5   -0.011879
6   -0.044988
7   -0.053639
8    0.060296
9    0.056876
Name: Return, dtype: float64"
213,balance_sheet,2017-04-01,0.6,10,1.0415730072343472,0.07288596379271191,"0    0.278609
1   -0.136755
2   -0.022828
3   -0.139041
4    0.173532
5   -0.011577
6    0.141919
7    0.138361
8    0.267261
9    0.039378
Name: Return, dtype: float64"
214,balance_sheet,2017-07-01,0.5,10,0.9158446244397586,0.07783130755752113,"0    0.165106
1    0.511306
2   -0.092857
3    0.036868
4    0.034970
5    0.063220
6   -0.035903
7    0.191356
8   -0.083645
9   -0.012107
Name: Return, dtype: float64"
215,balance_sheet,2017-10-01,0.7,10,1.6257566500336014,0.20873047963579022,"0    0.048990
1    0.167642
2    0.003370
3    0.102130
4    0.049138
5    1.822588
6    0.055541
7   -0.263183
8   -0.008465
9    0.109555
Name: Return, dtype: float64"
216,balance_sheet,2018-01-01,0.2,10,-1.0521533739532911,-0.049858533090538726,"0   -0.077691
1    0.191428
2   -0.108513
3   -0.166453
4   -0.014997
5   -0.081133
6   -0.140762
7   -0.004530
8    0.140651
9   -0.236584
Name: Return, dtype: float64"
217,balance_sheet,2018-04-01,0.7,10,0.8673332515562372,0.11282860079005838,"0   -0.291610
1    0.138531
2    0.626430
3    0.302830
4   -0.046408
5    0.132131
6    0.133515
7    0.122154
8   -0.155372
9    0.166086
Name: Return, dtype: float64"
218,balance_sheet,2018-07-01,0.9,10,1.2744289305576453,0.20464029040264947,"0    0.249993
1    0.044371
2    0.457536
3    0.637238
4    0.072031
5    0.095591
6   -0.021484
7    0.054133
8    0.310505
9    0.146489
Name: Return, dtype: float64"
219,balance_sheet,2018-10-01,0.0,10,-0.015081777665675825,-0.20188810429981952,"0   -0.233780
1   -0.238476
2   -0.408602
3   -0.012537
4   -0.062157
5   -0.169234
6   -0.354626
7   -0.253930
8   -0.169997
9   -0.115543
Name: Return, dtype: float64"
220,balance_sheet,2019-01-01,0.8,10,1.6065933743416454,0.08132719841694894,"0   -0.016862
1    0.133359
2    0.071359
3    0.065386
4    0.026667
5    0.124915
6    0.089081
7    0.051421
8    0.097889
9    0.170059
Name: Return, dtype: float64"
221,balance_sheet,2019-04-01,0.6,10,0.3284612813684141,0.072404449285874,"0    0.013902
1    0.023402
2   -0.167127
3    0.208068
4    0.131921
5    0.114935
6    0.192431
7    0.086528
8   -0.066050
9    0.186034
Name: Return, dtype: float64"
222,balance_sheet,2019-07-01,0.3,10,0.7991543471548845,-0.031100195942711694,"0   -0.019341
1    0.004004
2   -0.037432
3   -0.177506
4   -0.106409
5    0.149905
6   -0.192933
7    0.092219
8   -0.079129
9    0.055622
Name: Return, dtype: float64"
223,balance_sheet,2019-10-01,0.5,10,0.7832314907759916,0.08323197656069073,"0    0.101116
1    0.027851
2    0.281937
3   -0.000039
4    0.001049
5   -0.008639
6    0.180835
7    0.188991
8    0.203404
9   -0.144185
Name: Return, dtype: float64"
224,balance_sheet,2020-01-01,0.1,10,1.5776151107087721,-0.15014098562839523,"0   -0.251865
1   -0.206556
2   -0.071948
3   -0.184557
4   -0.172477
5    0.280794
6   -0.522580
7   -0.090248
8   -0.105113
9   -0.176859
Name: Return, dtype: float64"
225,balance_sheet,2020-04-01,1.0,10,1.3682694735051895,0.6536013652715085,"0    0.378882
1    0.563124
2    0.507492
3    0.569869
4    0.600564
5    1.518140
6    0.342143
7    0.361236
8    0.191263
9    1.503302
Name: Return, dtype: float64"
226,balance_sheet,2020-07-01,0.8,10,1.0899658713634897,0.1498826302429644,"0    0.140433
1    0.276029
2    0.219932
3   -0.046875
4    0.289612
5    0.331280
6    0.042780
7    0.232049
8   -0.031883
9    0.045469
Name: Return, dtype: float64"
227,balance_sheet,2020-10-01,0.6,10,1.0368433742487662,0.17005620141438044,"0    0.105555
1   -0.007294
2   -0.038422
3    0.691083
4    0.515914
5    0.174143
6    0.196986
7    0.141715
8   -0.084830
9    0.005712
Name: Return, dtype: float64"
228,balance_sheet,2021-01-01,0.8,10,0.9308003143041351,0.2650419614231109,"0    0.032450
1    0.237827
2   -0.064208
3    1.227774
4    0.200997
5    0.216095
6    0.112600
7    0.284146
8    0.274963
9    0.127775
Name: Return, dtype: float64"
229,balance_sheet,2021-04-01,0.6363636363636364,11,1.0824151714315762,0.12614697570486608,"0     0.225252
1    -0.055007
2     0.028433
3     0.229209
4     0.027565
5     0.151139
6     0.206109
7     0.112045
8     0.189342
9    -0.040688
10    0.314218
Name: Return, dtype: float64"
230,balance_sheet,2021-07-01,0.36363636363636365,11,-0.907907990424098,0.0009230694397160138,"0     0.148472
1     0.067358
2    -0.040319
3    -0.182036
4    -0.122607
5    -0.108178
6     0.178242
7    -0.091447
8     0.158005
9    -0.002941
10    0.005603
Name: Return, dtype: float64"
231,balance_sheet,2021-10-01,0.8181818181818182,11,-0.36586859105638514,0.1344351459137575,"0    -0.013470
1     0.168335
2     0.094594
3     0.183629
4     0.059331
5    -0.049271
6     0.220838
7     0.192332
8     0.235567
9     0.254800
10    0.132102
Name: Return, dtype: float64"
232,balance_sheet,2022-01-01,0.0,11,-0.9741165901591045,-0.09995942497005106,"0    -0.242318
1    -0.185775
2    -0.044481
3    -0.008765
4     0.030730
5     0.027452
6     0.003258
7    -0.286960
8    -0.069949
9    -0.271889
10   -0.050856
Name: Return, dtype: float64"
233,balance_sheet,2022-04-01,0.09090909090909091,11,0.32023263935930507,-0.04943433191841889,"0    -0.116269
1    -0.020848
2    -0.080133
3     0.008867
4    -0.006608
5    -0.091989
6    -0.070801
7    -0.185400
8    -0.042452
9     0.152315
10   -0.090458
Name: Return, dtype: float64"
234,balance_sheet,2022-07-01,0.18181818181818182,11,0.592189345628523,-0.07164664887020875,"0    -0.132958
1    -0.152340
2    -0.036655
3    -0.190853
4    -0.018752
5     0.055788
6    -0.222027
7     0.178904
8    -0.040252
9    -0.239913
10    0.010944
Name: Return, dtype: float64"
235,balance_sheet,2022-10-01,0.36363636363636365,11,0.3059180442239539,-0.01968724281760546,"0    -0.236680
1    -0.171628
2     0.160410
3    -0.175649
4    -0.127347
5     0.268797
6     0.060937
7    -0.106952
8     0.115878
9     0.012955
10   -0.017282
Name: Return, dtype: float64"
236,balance_sheet,2023-01-01,0.5454545454545454,11,1.239646846294065,0.09606971141816599,"0    -0.039775
1     0.174945
2     0.015136
3     0.120434
4     0.036266
5    -0.088383
6     0.460672
7     0.334167
8    -0.056716
9     0.065127
10    0.034894
Name: Return, dtype: float64"
237,balance_sheet,2023-04-01,0.6363636363636364,11,1.959249223787676,0.087424972663703,"0    -0.088123
1    -0.329590
2     0.192481
3     0.215155
4     0.642125
5     0.108923
6     0.051057
7     0.106708
8    -0.132467
9    -0.092913
10    0.288319
Name: Return, dtype: float64"
238,balance_sheet,2023-07-01,0.2727272727272727,11,1.4290904415066523,0.011117798492896852,"0    -0.282726
1    -0.272237
2    -0.166359
3     0.011846
4    -0.040345
5    -0.048759
6    -0.104774
7     0.565302
8     0.534274
9     0.055947
10   -0.129873
Name: Return, dtype: float64"
239,balance_sheet,2023-10-01,0.2727272727272727,11,0.517795418176257,-0.01993614703642681,"0     0.081539
1    -0.187390
2    -0.127907
3    -0.008007
4     0.164569
5     0.030982
6    -0.121078
7    -0.070635
8    -0.063226
9    -0.024047
10    0.105902
Name: Return, dtype: float64"
240,cash_flow_statement,2004-01-01,0.2857142857142857,7,1.0755289365224345,-0.013906033095821621,"0   -0.098289
1   -0.069006
2    0.107573
3    0.000000
4   -0.157941
5   -0.050242
6    0.170562
Name: Return, dtype: float64"
241,cash_flow_statement,2004-04-01,0.42857142857142855,7,1.3294769755505056,0.02933411571556675,"0    0.376583
1   -0.109920
2   -0.077818
3    0.172919
4   -0.164441
5   -0.034435
6    0.042449
Name: Return, dtype: float64"
242,cash_flow_statement,2004-07-01,0.42857142857142855,7,1.4121627352012986,0.018697635509433486,"0    0.000000
1   -0.004651
2   -0.042513
3    0.063333
4    0.086422
5   -0.034960
6    0.063253
Name: Return, dtype: float64"
243,cash_flow_statement,2004-10-01,1.0,7,1.7114667398651937,0.14703704184969207,"0    0.055214
1    0.128350
2    0.101465
3    0.152737
4    0.119817
5    0.365470
6    0.106206
Name: Return, dtype: float64"
244,cash_flow_statement,2005-01-01,0.14285714285714285,7,0.4293202793467677,-0.1736699362494524,"0   -0.682844
1   -0.104495
2   -0.054759
3    0.044483
4   -0.123211
5   -0.102048
6   -0.192816
Name: Return, dtype: float64"
245,cash_flow_statement,2005-04-01,0.5714285714285714,7,1.519155626285058,0.07067861037734059,"0   -0.055459
1    0.262694
2    0.181689
3    0.045630
4    0.008368
5    0.086036
6   -0.034207
Name: Return, dtype: float64"
246,cash_flow_statement,2005-07-01,1.0,7,1.1988603433177991,0.183114020804328,"0    0.237351
1    0.197791
2    0.274118
3    0.127381
4    0.280241
5    0.112056
6    0.052860
Name: Return, dtype: float64"
247,cash_flow_statement,2005-10-01,0.42857142857142855,7,0.3624119642853691,0.042865023837131824,"0    0.025368
1    0.000000
2    0.152964
3    0.052571
4    0.016345
5    0.095245
6   -0.042438
Name: Return, dtype: float64"
248,cash_flow_statement,2006-01-01,0.7142857142857143,7,0.6747149850332254,0.24289277591587347,"0    0.261017
1    0.542081
2    0.176528
3    0.140913
4   -0.009823
5   -0.012154
6    0.601688
Name: Return, dtype: float64"
249,cash_flow_statement,2006-04-01,0.375,8,0.3103094760573606,-0.06657224438363839,"0   -0.253774
1   -0.358602
2   -0.054886
3    0.033040
4    0.046002
5    0.090116
6   -0.111480
7    0.077005
Name: Return, dtype: float64"
250,cash_flow_statement,2006-07-01,0.625,8,0.7820096295098591,0.03813083193002714,"0    0.056657
1    0.022517
2   -0.066667
3   -0.013435
4    0.118411
5    0.055656
6    0.065748
7    0.066159
Name: Return, dtype: float64"
251,cash_flow_statement,2006-10-01,0.625,8,1.477525852676247,0.07959171022551671,"0    0.258744
1    0.149001
2    0.098545
3    0.168550
4    0.025824
5   -0.066667
6    0.122362
7   -0.119626
Name: Return, dtype: float64"
252,cash_flow_statement,2007-01-01,0.125,8,1.0196461014257654,-0.05642184575854538,"0   -0.022097
1   -0.182203
2   -0.155890
3   -0.033816
4    0.131679
5    0.023353
6   -0.246283
7    0.033883
Name: Return, dtype: float64"
253,cash_flow_statement,2007-04-01,0.375,8,-0.5899869774884342,0.005396939496086071,"0    0.317497
1    0.007593
2   -0.072186
3    0.046349
4   -0.104166
5    0.090718
6   -0.253860
7    0.011231
Name: Return, dtype: float64"
254,cash_flow_statement,2007-07-01,0.625,8,0.5170637048637062,0.10488349468966227,"0   -0.003518
1    0.179444
2    0.001567
3    0.325889
4    0.159633
5    0.093151
6    0.015160
7    0.067742
Name: Return, dtype: float64"
255,cash_flow_statement,2007-10-01,0.625,8,-0.3069961182800648,0.15737062669693894,"0    0.344314
1    0.060403
2    0.093694
3   -0.055814
4    0.002971
5    0.382793
6    0.566943
7   -0.136338
Name: Return, dtype: float64"
256,cash_flow_statement,2008-01-01,0.0,8,-1.3190853175720965,-0.13833424791978902,"0   -0.090736
1   -0.118824
2   -0.379848
3   -0.109692
4   -0.025058
5   -0.116262
6   -0.024722
7   -0.241532
Name: Return, dtype: float64"
257,cash_flow_statement,2008-04-01,0.25,8,-0.6871513587669372,-0.05769359015968694,"0   -0.280570
1   -0.128244
2   -0.173651
3   -0.022772
4   -0.041881
5    0.086083
6    0.099486
7    0.000000
Name: Return, dtype: float64"
258,cash_flow_statement,2008-07-01,0.0,8,-0.8604128383906036,-0.311345765003899,"0   -0.340804
1   -0.365771
2   -0.375909
3   -0.317362
4   -0.280324
5   -0.302871
6   -0.270313
7   -0.237410
Name: Return, dtype: float64"
259,cash_flow_statement,2008-10-01,0.0,8,-0.2995029721437645,-0.17649026374736732,"0   -0.214700
1   -0.215074
2   -0.251539
3   -0.172125
4   -0.220222
5   -0.148985
6   -0.100506
7   -0.088771
Name: Return, dtype: float64"
260,cash_flow_statement,2009-01-01,0.375,8,0.9798556761181039,0.04947579142220697,"0    0.041637
1    0.173586
2   -0.048262
3    0.035236
4    0.000000
5    0.000000
6    0.000000
7    0.193609
Name: Return, dtype: float64"
261,cash_flow_statement,2009-04-01,0.875,8,1.9613019039220838,0.37686320775579907,"0    0.290322
1    0.404324
2    0.737078
3    0.223756
4    0.486813
5   -0.055706
6    0.447688
7    0.480631
Name: Return, dtype: float64"
262,cash_flow_statement,2009-07-01,0.875,8,1.090243649536517,0.2491519314152025,"0    0.535843
1    0.304568
2    0.000000
3    0.311541
4    0.159730
5    0.112687
6    0.250000
7    0.318847
Name: Return, dtype: float64"
263,cash_flow_statement,2009-10-01,0.875,8,0.4563152318260732,0.07117866594612701,"0    0.054267
1    0.035983
2   -0.082950
3    0.074257
4    0.167748
5    0.099858
6    0.165311
7    0.054954
Name: Return, dtype: float64"
264,cash_flow_statement,2010-01-01,0.625,8,0.9243954221925409,0.08329110713195774,"0    0.267453
1    0.000000
2    0.122292
3    0.147461
4    0.141740
5    0.017424
6   -0.093045
7    0.063004
Name: Return, dtype: float64"
265,cash_flow_statement,2010-04-01,0.125,8,1.5241425579914036,-0.09630101534015799,"0   -0.066234
1    0.148825
2   -0.073487
3   -0.050675
4   -0.203271
5   -0.160804
6   -0.141287
7   -0.223475
Name: Return, dtype: float64"
266,cash_flow_statement,2010-07-01,0.8888888888888888,9,1.7535042673862362,0.1825889586808871,"0    0.500072
1    0.249558
2    0.000000
3    0.044259
4    0.361083
5    0.121780
6    0.224648
7    0.094538
8    0.047363
Name: Return, dtype: float64"
267,cash_flow_statement,2010-10-01,0.6666666666666666,9,-0.3879016538642689,0.09272246854973101,"0    0.245243
1    0.205095
2    0.185179
3   -0.037108
4   -0.008471
5    0.114818
6    0.087670
7    0.070000
8   -0.027924
Name: Return, dtype: float64"
268,cash_flow_statement,2011-01-01,0.3333333333333333,9,-0.6983799800724471,0.014625937411757797,"0   -0.128659
1   -0.042105
2   -0.076495
3    0.172680
4   -0.033025
5    0.107664
6    0.017106
7    0.089920
8    0.024548
Name: Return, dtype: float64"
269,cash_flow_statement,2011-04-01,0.5555555555555556,9,1.0565668732797548,0.07570081770665654,"0    0.020116
1    0.138904
2    0.068418
3   -0.041083
4    0.037048
5   -0.039167
6    0.246739
7   -0.094495
8    0.344828
Name: Return, dtype: float64"
270,cash_flow_statement,2011-07-01,0.1111111111111111,9,0.06294070144797166,-0.1446428863975328,"0   -0.026299
1   -0.171578
2    0.067703
3   -0.288086
4   -0.187609
5   -0.287306
6   -0.141347
7   -0.205435
8   -0.061828
Name: Return, dtype: float64"
271,cash_flow_statement,2011-10-01,0.5555555555555556,9,1.1561254256707696,0.11215819253591668,"0    0.029207
1    0.034276
2    0.007497
3    0.067487
4    0.005768
5    0.255159
6    0.172744
7    0.261015
8    0.176271
Name: Return, dtype: float64"
272,cash_flow_statement,2012-01-01,0.5555555555555556,9,1.2140487771650021,0.10585121679663803,"0    0.055868
1    0.345704
2    0.230422
3    0.051400
4    0.000000
5    0.033437
6    0.285714
7   -0.055808
8    0.005925
Name: Return, dtype: float64"
273,cash_flow_statement,2012-04-01,0.2222222222222222,9,1.4827223768000202,-0.0650292896289495,"0   -0.117950
1   -0.160193
2   -0.019666
3    0.053394
4   -0.207062
5   -0.080808
6   -0.086987
7   -0.006739
8    0.040747
Name: Return, dtype: float64"
274,cash_flow_statement,2012-07-01,0.6666666666666666,9,1.8650301846733925,0.05614449338891403,"0   -0.039846
1    0.041961
2    0.008355
3    0.079848
4    0.069431
5    0.169753
6    0.091512
7    0.095051
8   -0.010764
Name: Return, dtype: float64"
275,cash_flow_statement,2012-10-01,0.5555555555555556,9,1.6327212367374744,0.03781209110169806,"0    0.071799
1   -0.053115
2    0.078448
3    0.195484
4    0.115888
5   -0.101993
6    0.089570
7   -0.009895
8   -0.045876
Name: Return, dtype: float64"
276,cash_flow_statement,2013-01-01,0.6666666666666666,9,1.3088271466028634,0.0766634160316371,"0   -0.162056
1   -0.211262
2    0.226390
3    0.147152
4    0.125906
5    0.300910
6    0.108077
7   -0.127983
8    0.282837
Name: Return, dtype: float64"
277,cash_flow_statement,2013-04-01,0.5555555555555556,9,1.8544910467273203,0.03935474947380606,"0    0.110773
1    0.101343
2    0.053251
3   -0.000311
4    0.022064
5    0.062818
6   -0.092949
7    0.000959
8    0.096244
Name: Return, dtype: float64"
278,cash_flow_statement,2013-07-01,0.8888888888888888,9,1.6257686219229492,0.2390776322082147,"0    0.089189
1    0.039393
2    0.187445
3    0.977813
4    0.295698
5    0.259690
6    0.169784
7    0.160673
8   -0.027986
Name: Return, dtype: float64"
279,cash_flow_statement,2013-10-01,0.5555555555555556,9,0.73684833900774,0.0748428869813836,"0    0.250975
1   -0.209074
2    0.256186
3    0.146142
4    0.035154
5    0.075349
6    0.021429
7    0.008318
8    0.089107
Name: Return, dtype: float64"
280,cash_flow_statement,2014-01-01,0.4444444444444444,9,1.0561341384609426,0.057312117395977046,"0   -0.029519
1    0.120229
2    0.177872
3   -0.003396
4   -0.035946
5   -0.029959
6    0.216582
7    0.033562
8    0.066384
Name: Return, dtype: float64"
281,cash_flow_statement,2014-04-01,0.8888888888888888,9,1.2810321694438505,0.1491348903195219,"0    0.309814
1    0.133073
2    0.154377
3   -0.030590
4    0.236869
5    0.103833
6    0.079616
7    0.260722
8    0.094501
Name: Return, dtype: float64"
282,cash_flow_statement,2014-07-01,0.3333333333333333,9,0.05032819268901848,0.024221679125454195,"0    0.124282
1    0.177453
2    0.068564
3    0.016885
4   -0.020986
5   -0.111479
6   -0.054376
7    0.035310
8   -0.017659
Name: Return, dtype: float64"
283,cash_flow_statement,2014-10-01,0.6666666666666666,9,0.312295253147609,0.047295921137126114,"0   -0.008730
1    0.071371
2   -0.102720
3   -0.385946
4    0.038604
5    0.275441
6    0.246753
7    0.148605
8    0.142287
Name: Return, dtype: float64"
284,cash_flow_statement,2015-01-01,0.7777777777777778,9,0.7086911736003898,0.13377239784062533,"0    0.107875
1   -0.000495
2    0.325433
3    0.153952
4    0.155281
5    0.166863
6    0.102589
7    0.162498
8    0.029956
Name: Return, dtype: float64"
285,cash_flow_statement,2015-04-01,0.5555555555555556,9,0.10994546288112426,0.010178393556223101,"0   -0.098833
1    0.041873
2    0.157216
3   -0.103343
4    0.061194
5    0.042114
6    0.094643
7   -0.035629
8   -0.067628
Name: Return, dtype: float64"
286,cash_flow_statement,2015-07-01,0.2222222222222222,9,0.09005535350196975,-0.040038114997562185,"0   -0.070488
1    0.000000
2   -0.229412
3    0.154138
4   -0.016793
5   -0.043817
6   -0.081204
7   -0.119062
8    0.046295
Name: Return, dtype: float64"
287,cash_flow_statement,2015-10-01,0.3,10,0.32215337115714227,0.03570808981083655,"0    0.031860
1    0.020701
2    0.015602
3   -0.002166
4    0.121842
5    0.029992
6    0.027981
7    0.067541
8    0.043727
9    0.000000
Name: Return, dtype: float64"
288,cash_flow_statement,2016-01-01,0.5,10,0.11974637943892451,-0.033513550607526,"0    0.080916
1    0.041370
2    0.081689
3   -0.000816
4    0.090946
5   -0.042901
6   -0.357718
7   -0.017354
8    0.069386
9   -0.280654
Name: Return, dtype: float64"
289,cash_flow_statement,2016-04-01,0.7,10,1.4560734339122843,0.16170378670720192,"0    0.265958
1    0.660632
2    0.020176
3    0.169884
4    0.147510
5   -0.005805
6    0.125731
7    0.006982
8    0.125837
9    0.100133
Name: Return, dtype: float64"
290,cash_flow_statement,2016-07-01,0.6,10,1.000321909208734,0.13718941187221362,"0    0.157200
1    0.245856
2    0.512324
3   -0.019022
4    0.154258
5    0.031642
6    0.007962
7   -0.010937
8    0.049700
9    0.242910
Name: Return, dtype: float64"
291,cash_flow_statement,2016-10-01,0.4,10,1.4516638421099597,-0.01153171655046711,"0   -0.270970
1    0.245015
2    0.000925
3   -0.208839
4   -0.045937
5    0.035591
6    0.189136
7   -0.170175
8    0.032691
9    0.077246
Name: Return, dtype: float64"
292,cash_flow_statement,2017-01-01,0.8,10,1.8092363733965522,0.046843207397909245,"0    0.136033
1    0.049154
2    0.148905
3    0.060535
4    0.079900
5   -0.044988
6    0.066442
7   -0.209736
8    0.117029
9    0.065157
Name: Return, dtype: float64"
293,cash_flow_statement,2017-04-01,0.8,10,1.460939927430491,0.16389718493560218,"0    0.200195
1    0.267261
2    0.045743
3    0.188644
4    0.086524
5    0.000390
6    0.035344
7    0.180905
8    0.056076
9    0.577890
Name: Return, dtype: float64"
294,cash_flow_statement,2017-07-01,0.7,10,1.7880539719127755,0.16306544185235652,"0    0.072303
1    0.165106
2   -0.083645
3    0.342513
4    0.257778
5    0.511306
6    0.083333
7    0.019822
8   -0.007092
9    0.269231
Name: Return, dtype: float64"
295,cash_flow_statement,2017-10-01,0.5,10,0.64783072460629,0.05049897331640842,"0    0.048990
1   -0.030864
2    0.117753
3    0.004492
4   -0.087669
5    0.314663
6    0.014757
7    0.191474
8    0.042570
9   -0.111176
Name: Return, dtype: float64"
296,cash_flow_statement,2018-01-01,0.5,10,0.2505876037105516,0.07803353607110497,"0    0.209573
1    0.269691
2   -0.080496
3   -0.014997
4    0.191428
5    0.221552
6   -0.037250
7    0.135108
8   -0.097581
9   -0.016694
Name: Return, dtype: float64"
297,cash_flow_statement,2018-04-01,0.7,10,1.016451245756664,0.07978085494160933,"0   -0.291610
1    0.160706
2    0.029405
3    0.138531
4    0.158573
5    0.043603
6    0.302830
7    0.110740
8    0.133515
9    0.011516
Name: Return, dtype: float64"
298,cash_flow_statement,2018-07-01,0.7,10,1.3434129814783613,0.20251191541158087,"0    0.109961
1   -0.021484
2    0.566661
3    0.058440
4    0.637238
5    0.197123
6    0.495898
7   -0.042719
8   -0.052774
9    0.076773
Name: Return, dtype: float64"
299,cash_flow_statement,2018-10-01,0.0,10,0.46214935895504616,-0.2031272474883506,"0   -0.170408
1   -0.142043
2   -0.235496
3   -0.235806
4   -0.182769
5   -0.189223
6   -0.012537
7   -0.277814
8   -0.408602
9   -0.176575
Name: Return, dtype: float64"
300,cash_flow_statement,2019-01-01,0.8,10,2.179762703379256,0.11893456189339828,"0    0.130298
1    0.133790
2    0.118383
3    0.129757
4    0.026667
5    0.000000
6    0.176390
7    0.194036
8    0.095169
9    0.184857
Name: Return, dtype: float64"
301,cash_flow_statement,2019-04-01,0.8,10,0.34250103713969765,0.1198422316455375,"0    0.013902
1    0.052992
2    0.131921
3    0.192431
4   -0.167127
5    0.036902
6    0.233444
7    0.152580
8    0.114935
9    0.436441
Name: Return, dtype: float64"
302,cash_flow_statement,2019-07-01,0.1,10,0.01923156265593876,-0.05100801865709542,"0    0.032315
1   -0.189684
2   -0.004598
3   -0.177506
4   -0.031193
5   -0.011032
6    0.141940
7   -0.192933
8   -0.056652
9   -0.020737
Name: Return, dtype: float64"
303,cash_flow_statement,2019-10-01,0.7,10,0.6833896767659003,0.09366387084472849,"0    0.027851
1    0.057518
2    0.070942
3    0.106062
4    0.026388
5    0.224733
6    0.259236
7   -0.011962
8    0.074755
9    0.101116
Name: Return, dtype: float64"
304,cash_flow_statement,2020-01-01,0.2,10,1.282915801522213,-0.164124153886077,"0   -0.251865
1   -0.293254
2   -0.349852
3   -0.365304
4   -0.237933
5   -0.155112
6   -0.197130
7    0.109844
8    0.169061
9   -0.069697
Name: Return, dtype: float64"
305,cash_flow_statement,2020-04-01,1.0,10,1.5370328775189563,0.7390638893053783,"0    0.507492
1    1.518140
2    0.851852
3    0.312745
4    0.844726
5    1.378953
6    0.290949
7    0.490333
8    1.148810
9    0.046640
Name: Return, dtype: float64"
306,cash_flow_statement,2020-07-01,0.8,10,1.356112704502426,0.23814413475822746,"0   -0.132471
1    0.140433
2    0.331280
3   -0.029354
4    0.846867
5    0.066911
6    0.265185
7    0.232049
8    0.122289
9    0.538253
Name: Return, dtype: float64"
307,cash_flow_statement,2020-10-01,0.8,10,0.9318677409101004,0.12107784217308959,"0   -0.195760
1    0.118984
2   -0.001717
3    0.258807
4    0.149721
5    0.082221
6    0.128166
7    0.100732
8    0.515914
9    0.053711
Name: Return, dtype: float64"
308,cash_flow_statement,2021-01-01,0.9,10,0.6676702403849429,0.2134178929567553,"0    0.343336
1    0.216095
2    0.189410
3    0.127775
4    0.221714
5    0.234254
6    0.046107
7    0.322105
8   -0.088255
9    0.521638
Name: Return, dtype: float64"
309,cash_flow_statement,2021-04-01,0.5454545454545454,11,1.2552921544809887,0.11069258325657834,"0     0.028493
1     0.291883
2     0.151139
3     0.314218
4     0.112045
5     0.026243
6     0.067817
7     0.012919
8     0.016316
9     0.189342
10    0.007204
Name: Return, dtype: float64"
310,cash_flow_statement,2021-07-01,0.45454545454545453,11,-0.14760267717978826,0.01283265329500078,"0    -0.182036
1    -0.122607
2    -0.009034
3    -0.028099
4     0.065273
5     0.307645
6    -0.091568
7     0.032132
8     0.058053
9     0.067358
10    0.044041
Name: Return, dtype: float64"
311,cash_flow_statement,2021-10-01,0.6363636363636364,11,-0.2938445500145286,0.13568783319348346,"0     0.220838
1     0.254800
2     0.235735
3    -0.049271
4     0.232891
5     0.344852
6     0.280036
7     0.179276
8    -0.148074
9    -0.007364
10   -0.051154
Name: Return, dtype: float64"
312,cash_flow_statement,2022-01-01,0.09090909090909091,11,-0.6511300139868439,-0.12867191915928833,"0    -0.286960
1    -0.285420
2    -0.154863
3    -0.044481
4    -0.128863
5    -0.156007
6    -0.069949
7    -0.041357
8    -0.157842
9    -0.151837
10    0.062188
Name: Return, dtype: float64"
313,cash_flow_statement,2022-04-01,0.0,11,0.2926089688904535,-0.09768499407040174,"0    -0.080133
1    -0.084566
2    -0.101902
3    -0.239552
4    -0.202945
5    -0.020848
6    -0.037061
7    -0.182258
8     0.019795
9     0.008867
10   -0.153932
Name: Return, dtype: float64"
314,cash_flow_statement,2022-07-01,0.18181818181818182,11,0.5446772333976911,-0.08065397123896623,"0    -0.132958
1    -0.152340
2    -0.239913
3    -0.035096
4    -0.120425
5     0.000000
6     0.241353
7    -0.261119
8    -0.067550
9    -0.306108
10    0.186962
Name: Return, dtype: float64"
315,cash_flow_statement,2022-10-01,0.6363636363636364,11,0.7062731167448381,0.08230294277086905,"0     0.267037
1    -0.014532
2    -0.175649
3     0.009495
4     0.159012
5     0.142589
6    -0.247579
7     0.119138
8     0.306241
9     0.254601
10    0.084981
Name: Return, dtype: float64"
316,cash_flow_statement,2023-01-01,0.7272727272727273,11,1.3679418647389636,0.09382519837952029,"0     0.102968
1     0.065127
2     0.056471
3     0.324818
4    -0.009845
5    -0.133786
6     0.102876
7     0.244007
8    -0.010647
9     0.124587
10    0.165500
Name: Return, dtype: float64"
317,cash_flow_statement,2023-04-01,0.5454545454545454,11,0.846864905144535,0.023650815570628526,"0    -0.329590
1    -0.052333
2     0.041748
3     0.107469
4     0.051057
5    -0.074347
6    -0.005200
7     0.059791
8     0.405775
9     0.062304
10   -0.006515
Name: Return, dtype: float64"
318,cash_flow_statement,2023-07-01,0.36363636363636365,11,1.2801363060746829,-0.021645460838987017,"0     0.044923
1     0.055947
2    -0.089452
3    -0.141092
4    -0.078793
5    -0.020350
6    -0.221506
7    -0.335233
8     0.100386
9     0.534274
10   -0.087203
Name: Return, dtype: float64"
319,cash_flow_statement,2023-10-01,0.5454545454545454,11,1.1982944875719472,0.17624722832806497,"0     1.202673
1     0.303992
2     0.032314
3     0.030640
4     0.234654
5    -0.010383
6     0.088361
7     0.069245
8     0.182791
9    -0.067660
10   -0.127907
Name: Return, dtype: float64"
320,computed,2004-01-01,0.2857142857142857,7,0.6090914704965824,-0.029862748004246674,"0   -0.098289
1   -0.069006
2    0.107573
3   -0.050242
4   -0.134942
5    0.170562
6   -0.134696
Name: Return, dtype: float64"
321,computed,2004-04-01,0.42857142857142855,7,1.8745269379359755,0.04285519435292408,"0    0.376583
1   -0.109920
2   -0.077818
3    0.137097
4    0.172919
5   -0.164441
6   -0.034435
Name: Return, dtype: float64"
322,computed,2004-07-01,0.2857142857142857,7,1.1914242927593917,-0.025155943609187666,"0    0.000000
1   -0.325000
2    0.100958
3    0.021073
4    0.010577
5    0.056043
6   -0.039743
Name: Return, dtype: float64"
323,computed,2004-10-01,1.0,7,2.258445528715943,0.11581319099275376,"0    0.055214
1    0.128350
2    0.101465
3    0.152737
4    0.106206
5    0.179467
6    0.087253
Name: Return, dtype: float64"
324,computed,2005-01-01,0.42857142857142855,7,0.6875196220347728,-0.08562200477690998,"0   -0.682844
1    0.045850
2   -0.104495
3    0.044483
4   -0.044651
5   -0.123211
6    0.265514
Name: Return, dtype: float64"
325,computed,2005-04-01,0.5714285714285714,7,1.5156108142152154,0.09369584782711084,"0   -0.039261
1   -0.055459
2    0.262694
3    0.181689
4    0.192164
5    0.105677
6    0.008368
Name: Return, dtype: float64"
326,computed,2005-07-01,0.7142857142857143,7,1.0583579905441596,0.1588056392969785,"0    0.237351
1    0.054776
2    0.032888
3    0.197791
4    0.280241
5   -0.005546
6    0.314137
Name: Return, dtype: float64"
327,computed,2005-10-01,0.5714285714285714,7,0.5782939697466658,0.16903446321691556,"0    0.025368
1    0.152964
2    0.052571
3    0.617551
4   -0.017969
5    0.016345
6    0.336411
Name: Return, dtype: float64"
328,computed,2006-01-01,0.8571428571428571,7,0.6755401169354474,0.2234976035973359,"0    0.261017
1    0.542081
2    0.139564
3    0.176528
4    0.140913
5   -0.009823
6    0.314204
Name: Return, dtype: float64"
329,computed,2006-04-01,0.25,8,0.1811165559150222,-0.00886239358597505,"0   -0.054886
1   -0.130040
2    0.484419
3   -0.340029
4   -0.104219
5    0.033040
6   -0.005186
7    0.046002
Name: Return, dtype: float64"
330,computed,2006-07-01,0.375,8,0.7980487749647323,-0.015511821406605725,"0    0.056657
1   -0.329887
2    0.022517
3    0.032653
4   -0.066667
5   -0.013435
6    0.118411
7    0.055656
Name: Return, dtype: float64"
331,computed,2006-10-01,0.625,8,1.6806458951772645,0.10644567694340314,"0    0.258744
1    0.149001
2    0.168550
3    0.025824
4    0.122362
5    0.110011
6    0.019515
7   -0.002442
Name: Return, dtype: float64"
332,computed,2007-01-01,0.0,8,1.129527759856182,-0.08158913393656435,"0   -0.022097
1   -0.182203
2   -0.155890
3   -0.033816
4   -0.246283
5    0.033883
6    0.024578
7   -0.070884
Name: Return, dtype: float64"
333,computed,2007-04-01,0.625,8,0.3173939946610075,0.17175575010608535,"0    0.317497
1    0.007593
2   -0.072186
3    0.046349
4   -0.104166
5    0.726725
6    0.355396
7    0.096838
Name: Return, dtype: float64"
334,computed,2007-07-01,0.625,8,0.5130788056077757,0.16509479398466342,"0   -0.003518
1    0.365177
2    0.179444
3    0.001567
4    0.277406
5    0.325889
6    0.159633
7    0.015160
Name: Return, dtype: float64"
335,computed,2007-10-01,0.5,8,-0.5717417555515686,0.07873715872969232,"0   -0.113567
1    0.344314
2    0.060403
3   -0.084896
4    0.382793
5    0.093694
6   -0.055814
7    0.002971
Name: Return, dtype: float64"
336,computed,2008-01-01,0.0,8,-1.3490727562404679,-0.12492203293384505,"0   -0.118824
1   -0.379848
2   -0.109692
3   -0.025058
4   -0.116262
5    0.016562
6   -0.024722
7   -0.241532
Name: Return, dtype: float64"
337,computed,2008-04-01,0.125,8,-0.6491037761635364,-0.1647189672836998,"0   -0.280570
1   -0.176510
2   -0.323341
3   -0.128244
4    0.000000
5    0.136506
6   -0.173651
7   -0.371942
Name: Return, dtype: float64"
338,computed,2008-07-01,0.0,8,-0.8357247183158676,-0.2738537567263625,"0   -0.340804
1   -0.365771
2   -0.075973
3   -0.317362
4   -0.280324
5   -0.302871
6   -0.270313
7   -0.237410
Name: Return, dtype: float64"
339,computed,2008-10-01,0.0,8,-0.2910585184956379,-0.16015168489996745,"0   -0.214700
1   -0.171062
2   -0.179250
3   -0.215074
4    0.000000
5   -0.086299
6   -0.093518
7   -0.321311
Name: Return, dtype: float64"
340,computed,2009-01-01,0.125,8,0.9606552985426248,-0.00936043084977221,"0    0.041637
1   -0.048262
2   -0.103495
3    0.035236
4    0.000000
5    0.000000
6    0.000000
7    0.000000
Name: Return, dtype: float64"
341,computed,2009-04-01,0.875,8,2.4753883647212906,0.42614690131881555,"0    0.290322
1    0.404324
2    0.737078
3    0.223756
4    0.269828
5   -0.285372
6    1.390624
7    0.378615
Name: Return, dtype: float64"
342,computed,2009-07-01,1.0,8,1.1359172724768862,0.3062517240564252,"0    0.272921
1    0.333135
2    0.446415
3    0.535843
4    0.222223
5    0.153846
6    0.362880
7    0.122749
Name: Return, dtype: float64"
343,computed,2009-10-01,0.75,8,0.9748962968980079,0.1703765659216422,"0    0.048171
1    0.184519
2    0.262570
3    0.167748
4    0.161931
5   -0.105145
6   -0.091657
7    0.734875
Name: Return, dtype: float64"
344,computed,2010-01-01,0.5,8,1.201280803322674,0.06941478306839868,"0    0.000000
1    0.122292
2   -0.093045
3   -0.024954
4    0.100970
5    0.141740
6    0.354757
7   -0.046441
Name: Return, dtype: float64"
345,computed,2010-04-01,0.125,8,1.3554384093461838,-0.08340763423390832,"0   -0.149189
1    0.028105
2   -0.067817
3   -0.135803
4   -0.282787
5    0.180982
6   -0.160804
7   -0.079949
Name: Return, dtype: float64"
346,computed,2010-07-01,0.8888888888888888,9,1.8315916469799376,0.26565334642239047,"0    0.249558
1    0.500072
2    0.451909
3    0.211285
4    0.287153
5    0.361083
6    0.249892
7    0.142551
8   -0.062623
Name: Return, dtype: float64"
347,computed,2010-10-01,0.7777777777777778,9,-0.32812716322872154,0.13181401218872482,"0    0.245243
1    0.185179
2   -0.098857
3   -0.052774
4    0.114818
5    0.239513
6    0.087670
7    0.311934
8    0.153600
Name: Return, dtype: float64"
348,computed,2011-01-01,0.5555555555555556,9,-0.21200327850227346,0.061671669766605715,"0   -0.128659
1   -0.042105
2   -0.076495
3    0.172680
4   -0.033025
5    0.210901
6    0.133607
7    0.219536
8    0.098605
Name: Return, dtype: float64"
349,computed,2011-04-01,0.7777777777777778,9,0.7961646466147426,0.09637484939257933,"0    0.124350
1    0.068418
2    0.138904
3    0.201875
4    0.218504
5    0.063152
6   -0.041083
7    0.246739
8   -0.153485
Name: Return, dtype: float64"
350,computed,2011-07-01,0.2222222222222222,9,0.5760357514696672,-0.09430635500609247,"0   -0.026299
1   -0.171578
2   -0.293619
3    0.040028
4   -0.288086
5   -0.014011
6    0.064967
7   -0.102422
8   -0.057737
Name: Return, dtype: float64"
351,computed,2011-10-01,0.6666666666666666,9,1.4162058233277475,0.10418736105056176,"0    0.029207
1    0.219706
2    0.075250
3    0.034276
4    0.150510
5    0.142727
6    0.172744
7    0.007497
8    0.105770
Name: Return, dtype: float64"
352,computed,2012-01-01,0.8888888888888888,9,1.063638413298433,0.15945750714061274,"0    0.345704
1    0.183949
2    0.033437
3    0.185743
4    0.055868
5    0.152563
6    0.285714
7    0.126498
8    0.065641
Name: Return, dtype: float64"
353,computed,2012-04-01,0.2222222222222222,9,0.7135122555469483,-0.0700668915560213,"0   -0.117950
1    0.053394
2    0.000000
3   -0.160193
4    0.135751
5   -0.097228
6   -0.283935
7   -0.073454
8   -0.086987
Name: Return, dtype: float64"
354,computed,2012-07-01,0.5555555555555556,9,1.1191799993241385,0.06976277327628397,"0    0.024436
1    0.169753
2    0.129752
3   -0.008442
4    0.091984
5   -0.059132
6    0.003021
7    0.079848
8    0.196644
Name: Return, dtype: float64"
355,computed,2012-10-01,0.3333333333333333,9,0.8266221067221744,-0.01564841433909469,"0    0.071799
1   -0.053115
2    0.022778
3   -0.077795
4   -0.101993
5    0.155118
6   -0.188859
7   -0.009204
8    0.040435
Name: Return, dtype: float64"
356,computed,2013-01-01,0.5555555555555556,9,1.655073822390359,0.05506468391303207,"0   -0.162056
1   -0.211262
2    0.226390
3    0.147152
4    0.207506
5   -0.127983
6   -0.049303
7    0.420821
8    0.044318
Name: Return, dtype: float64"
357,computed,2013-04-01,0.7777777777777778,9,1.8085663106447718,0.277094652061731,"0    0.044917
1    0.451354
2    0.053251
3    0.115784
4   -0.000311
5   -0.120888
6    1.581681
7    0.048477
8    0.319588
Name: Return, dtype: float64"
358,computed,2013-07-01,0.5555555555555556,9,1.900314164065182,0.05009735483985951,"0    0.187445
1    0.089189
2   -0.020565
3   -0.134206
4    0.214449
5    0.196959
6   -0.077859
7    0.070612
8   -0.075147
Name: Return, dtype: float64"
359,computed,2013-10-01,0.6666666666666666,9,0.7522187712119862,0.055768000101186,"0    0.065662
1    0.057538
2    0.073450
3    0.004841
4    0.030736
5    0.127688
6    0.134221
7   -0.209074
8    0.216850
Name: Return, dtype: float64"
360,computed,2014-01-01,0.7777777777777778,9,1.2411587704102514,0.0836732074640538,"0    0.042723
1    0.201582
2    0.099568
3    0.031379
4    0.090381
5    0.099151
6    0.120229
7    0.096812
8   -0.028766
Name: Return, dtype: float64"
361,computed,2014-04-01,0.6666666666666666,9,1.3157021311388921,0.04060031529768957,"0    0.133073
1    0.059642
2   -0.030590
3    0.159985
4   -0.274456
5    0.079616
6    0.016169
7    0.094501
8    0.127463
Name: Return, dtype: float64"
362,computed,2014-07-01,0.3333333333333333,9,0.06914961316074268,-0.01145774215526089,"0   -0.092069
1    0.041817
2    0.178321
3   -0.145000
4    0.068564
5    0.003470
6   -0.014853
7   -0.031892
8   -0.111479
Name: Return, dtype: float64"
363,computed,2014-10-01,0.8888888888888888,9,0.9048293710699958,0.09499892863273976,"0   -0.385946
1    0.204476
2    0.128095
3    0.308613
4    0.070778
5    0.142287
6    0.164656
7    0.073428
8    0.148605
Name: Return, dtype: float64"
364,computed,2015-01-01,0.8888888888888888,9,0.507266793186929,0.14126034791299724,"0   -0.000495
1    0.107875
2    0.077157
3    0.041203
4    0.246678
5    0.079830
6    0.162498
7    0.116561
8    0.440035
Name: Return, dtype: float64"
365,computed,2015-04-01,0.6666666666666666,9,-0.013085557054560602,0.07832003161626186,"0    0.041873
1    0.157216
2   -0.053992
3    0.205886
4    0.237070
5   -0.037104
6    0.094643
7    0.004700
8    0.054587
Name: Return, dtype: float64"
366,computed,2015-07-01,0.3333333333333333,9,-0.10458398333323603,-0.06717220302147565,"0   -0.037318
1   -0.347432
2   -0.119062
3    0.150427
4   -0.252934
5   -0.081204
6    0.054179
7   -0.021253
8    0.050047
Name: Return, dtype: float64"
367,computed,2015-10-01,0.7,10,0.6531403588893654,0.05860604495612363,"0    0.020701
1    0.090160
2    0.060786
3    0.015602
4    0.043727
5    0.066155
6    0.111751
7    0.019721
8    0.035615
9    0.121842
Name: Return, dtype: float64"
368,computed,2016-01-01,0.4,10,1.2320894018165405,0.0008467421213598544,"0    0.080916
1   -0.280654
2    0.012612
3    0.007220
4    0.008594
5    0.105153
6   -0.048743
7   -0.033744
8    0.041370
9    0.115743
Name: Return, dtype: float64"
369,computed,2016-04-01,1.0,10,1.2012704760710462,0.30667991546257944,"0    0.265958
1    0.306351
2    0.654468
3    0.207763
4    0.563879
5    0.100110
6    0.660632
7    0.191009
8    0.041426
9    0.075203
Name: Return, dtype: float64"
370,computed,2016-07-01,0.6,10,1.1782055229722752,0.10912170268976888,"0    0.082518
1    0.245856
2    0.142742
3    0.316306
4    0.512324
5    0.170193
6   -0.061906
7   -0.159866
8   -0.039343
9   -0.117610
Name: Return, dtype: float64"
371,computed,2016-10-01,0.3,10,1.373291197416531,-0.013451273261566352,"0    0.000925
1   -0.183893
2   -0.208839
3    0.263385
4   -0.052676
5   -0.011331
6    0.048630
7   -0.058642
8    0.000000
9    0.067928
Name: Return, dtype: float64"
372,computed,2017-01-01,0.5,10,2.082251370021381,0.04275689886083904,"0    0.136033
1    0.148905
2   -0.065365
3    0.060535
4    0.079900
5   -0.032522
6    0.111757
7   -0.012851
8   -0.011879
9    0.013056
Name: Return, dtype: float64"
373,computed,2017-04-01,0.9,10,1.3456168155108406,0.20818938658108496,"0    0.278609
1   -0.136755
2    0.290484
3    0.577890
4    0.200195
5    0.267261
6    0.045743
7    0.168610
8    0.173532
9    0.216324
Name: Return, dtype: float64"
374,computed,2017-07-01,0.9,10,1.8227245248570945,0.18386846850560273,"0    0.165106
1    0.511306
2    0.191356
3   -0.083645
4    0.083333
5    0.257778
6    0.247564
7    0.104176
8    0.092479
9    0.269231
Name: Return, dtype: float64"
375,computed,2017-10-01,0.9,10,1.3198255309382747,0.12354280944388378,"0    0.048990
1    0.176932
2    0.121643
3    0.142391
4    0.204861
5    0.167642
6    0.191474
7    0.083607
8    0.010477
9    0.087411
Name: Return, dtype: float64"
376,computed,2018-01-01,0.4,10,0.33580396519864514,0.06377770791893803,"0   -0.014997
1   -0.037250
2    0.009808
3    0.408646
4    0.165433
5   -0.108513
6    0.170267
7   -0.166453
8    0.221552
9   -0.010716
Name: Return, dtype: float64"
377,computed,2018-04-01,0.7,10,0.978501871178818,0.14244944496411147,"0    0.302830
1   -0.291610
2    0.138531
3   -0.046408
4    0.237111
5    0.160706
6    0.170589
7    0.626430
8   -0.032258
9    0.158573
Name: Return, dtype: float64"
378,computed,2018-07-01,0.7,10,0.5837775379665554,0.09609436326521299,"0   -0.021484
1    0.249993
2    0.101447
3    0.044371
4    0.127710
5    0.026296
6    0.170471
7   -0.023146
8    0.201634
9    0.083651
Name: Return, dtype: float64"
379,computed,2018-10-01,0.0,10,0.0815600408596581,-0.20972119026345898,"0   -0.408602
1   -0.440079
2   -0.153868
3   -0.169234
4   -0.189223
5   -0.183177
6   -0.011818
7   -0.072649
8   -0.166448
9   -0.302114
Name: Return, dtype: float64"
380,computed,2019-01-01,0.8,10,1.9629693884447685,0.11921136281301507,"0    0.071359
1    0.170059
2    0.142833
3   -0.100710
4    0.228439
5    0.240877
6    0.133359
7    0.133790
8    0.172108
9    0.000000
Name: Return, dtype: float64"
381,computed,2019-04-01,0.7,10,0.34142436961821865,0.1537353278393862,"0    0.480593
1    0.293906
2    0.086528
3    0.013902
4   -0.167127
5    0.262943
6    0.023149
7    0.052992
8    0.251785
9    0.238681
Name: Return, dtype: float64"
382,computed,2019-07-01,0.3,10,0.5188153710783882,-0.018580138499066912,"0    0.032315
1   -0.019341
2    0.064766
3    0.149905
4   -0.123288
5   -0.071235
6    0.095439
7   -0.177506
8   -0.031193
9   -0.105663
Name: Return, dtype: float64"
383,computed,2019-10-01,0.2,10,0.4184403922888298,-0.008153179451628936,"0    0.014386
1    0.095354
2    0.128530
3   -0.016226
4   -0.027486
5   -0.095561
6   -0.077903
7    0.016629
8   -0.092528
9   -0.026726
Name: Return, dtype: float64"
384,computed,2020-01-01,0.1,10,0.5976372953243532,-0.2748926344346269,"0   -0.251865
1    0.053941
2   -0.350868
3   -0.293254
4   -0.431667
5   -0.237933
6   -0.155112
7   -0.751761
8   -0.260711
9   -0.069697
Name: Return, dtype: float64"
385,computed,2020-04-01,1.0,10,1.3618291786835095,0.8925001625174114,"0    0.507492
1    0.569869
2    1.518140
3    0.844726
4    0.739446
5    0.851852
6    1.503302
7    0.412688
8    1.378953
9    0.598534
Name: Return, dtype: float64"
386,computed,2020-07-01,0.9,10,1.0836621490361478,0.17322078034928945,"0    0.101523
1   -0.132471
2    0.353100
3    0.140433
4    0.276029
5    0.538253
6    0.042780
7    0.232049
8    0.094598
9    0.085913
Name: Return, dtype: float64"
387,computed,2020-10-01,0.8,10,0.8406278084610398,0.14422556778142032,"0    0.588143
1   -0.027901
2    0.108837
3    0.118984
4    0.422293
5    0.199631
6    0.092731
7    0.061432
8   -0.195760
9    0.073866
Name: Return, dtype: float64"
388,computed,2021-01-01,0.7,10,0.9290164082477178,0.12020816827916905,"0   -0.186704
1    0.216095
2    0.127775
3    0.133380
4   -0.265092
5   -0.115712
6    0.487554
7    0.280626
8    0.150367
9    0.373793
Name: Return, dtype: float64"
389,computed,2021-04-01,0.9090909090909091,11,1.287217445649102,0.17445746235647627,"0    -0.084461
1     0.151139
2     0.411045
3     0.112045
4     0.158863
5     0.189342
6     0.291883
7     0.115956
8     0.085013
9     0.176848
10    0.311360
Name: Return, dtype: float64"
390,computed,2021-07-01,0.5454545454545454,11,-0.2278309945401418,0.03947496034213967,"0    -0.182036
1    -0.122607
2     0.087125
3     0.067358
4     0.032132
5    -0.091568
6     0.342672
7     0.018252
8     0.058053
9     0.158005
10    0.066837
Name: Return, dtype: float64"
391,computed,2021-10-01,0.7272727272727273,11,-0.5162659078006532,0.13037884091887222,"0     0.220838
1     0.094594
2    -0.022655
3     0.254800
4     0.261724
5    -0.049271
6     0.086814
7     0.280036
8     0.001727
9     0.137224
10    0.168335
Name: Return, dtype: float64"
392,computed,2022-01-01,0.18181818181818182,11,-0.47196324692384883,-0.07226742988481426,"0    -0.060621
1    -0.053524
2    -0.103386
3    -0.285420
4    -0.044481
5     0.100062
6    -0.246017
7    -0.139799
8    -0.128501
9     0.163487
10    0.003258
Name: Return, dtype: float64"
393,computed,2022-04-01,0.18181818181818182,11,0.2515167185123678,-0.04793508760514535,"0    -0.080133
1     0.047555
2    -0.091989
3    -0.043767
4     0.099980
5    -0.006608
6    -0.161966
7    -0.053409
8    -0.098615
9    -0.037061
10   -0.101273
Name: Return, dtype: float64"
394,computed,2022-07-01,0.18181818181818182,11,0.521703746203102,-0.05984796573326032,"0     0.039146
1    -0.132958
2    -0.151927
3    -0.152340
4    -0.239913
5    -0.020443
6    -0.120425
7    -0.067550
8     0.000000
9    -0.005288
10    0.193370
Name: Return, dtype: float64"
395,computed,2022-10-01,0.45454545454545453,11,0.890656696585055,-0.008952815010246236,"0     0.446119
1     0.160410
2     0.402970
3    -0.172321
4    -0.318981
5    -0.438183
6    -0.236680
7     0.188966
8    -0.385178
9    -0.142439
10    0.396837
Name: Return, dtype: float64"
396,computed,2023-01-01,0.7272727272727273,11,1.4477473931303089,0.10621318592190733,"0     0.034894
1     0.065127
2     0.071193
3     0.324818
4     0.037769
5    -0.009845
6     0.244007
7    -0.010647
8     0.124587
9     0.073640
10    0.212803
Name: Return, dtype: float64"
397,computed,2023-04-01,0.7272727272727273,11,1.3411250219301676,0.1280589863710139,"0    -0.329590
1     0.078748
2     0.100300
3     0.370476
4     0.405775
5    -0.052333
6     0.376508
7     0.107469
8     0.186414
9     0.190900
10   -0.026019
Name: Return, dtype: float64"
398,computed,2023-07-01,0.2727272727272727,11,1.348575759004895,0.01903571953771049,"0     0.034861
1    -0.001239
2    -0.056677
3     0.086185
4     0.534274
5     0.055947
6    -0.105037
7    -0.089452
8    -0.027060
9    -0.143616
10   -0.078793
Name: Return, dtype: float64"
399,computed,2023-10-01,0.2727272727272727,11,0.5313357667423168,0.032061441826392444,"0    -0.070635
1    -0.067660
2    -0.121078
3     0.121866
4    -0.063226
5    -0.187390
6    -0.008007
7     0.030844
8     0.332675
9    -0.111558
10    0.496845
Name: Return, dtype: float64"
