,metric,start date,pct correct,stocks picked,Sharpe Ratio,Avg Return
0,all,2004-01-01,0.6538461538461539,26,1.6947519695843511,0.46835161079749993
1,all,2005-01-01,0.6071428571428571,28,1.7078387751158295,0.3776067942043822
2,all,2006-01-01,0.6071428571428571,28,0.9766949075702855,0.30468624529559685
3,all,2007-01-01,0.4482758620689655,29,0.8251376922099427,0.24497523532251247
4,all,2008-01-01,0.0,31,-1.3786047775567005,-0.4522239452373405
5,all,2009-01-01,0.1875,32,0.4207512701497391,0.05646719765571534
6,all,2010-01-01,0.6666666666666666,33,1.0147518275147969,0.28256690387580463
7,all,2011-01-01,0.4411764705882353,34,0.1696180548708976,0.05956245349357572
8,all,2012-01-01,0.4,35,0.9875853540197793,0.1762567128963274
9,all,2013-01-01,0.7222222222222222,36,1.8377618457922869,0.4333302109070412
10,all,2014-01-01,0.40540540540540543,37,0.5500591418470179,0.2227221225137543
11,all,2015-01-01,0.28205128205128205,39,0.0632335812289635,0.01327607188999638
12,all,2016-01-01,0.36585365853658536,41,0.35782546323781517,0.0709726450090068
13,all,2017-01-01,0.5714285714285714,42,1.3906969369549658,0.2267265576024807
14,all,2018-01-01,0.32558139534883723,43,-0.00990391105828317,-0.0033731956982006183
15,all,2019-01-01,0.6444444444444445,45,1.3289973207397145,0.39901175878816403
16,all,2020-01-01,0.7391304347826086,46,1.3469131867150177,0.5880580574341535
17,all,2021-01-01,0.22916666666666666,48,-0.1241816479949026,-0.05594631943471796
18,all,2022-01-01,0.2830188679245283,53,0.5520044026291268,0.18760075501086265
19,all,2023-01-01,0.7037037037037037,54,2.0013825400331853,0.39983765346576744
20,income_statement,2004-01-01,0.38461538461538464,26,0.9672395901339118,0.27649820001778846
21,income_statement,2005-01-01,0.6071428571428571,28,1.4170517665806242,0.3026450656638124
22,income_statement,2006-01-01,0.4642857142857143,28,0.4581224635193357,0.12213893040423843
23,income_statement,2007-01-01,0.3448275862068966,29,0.6519642767820701,0.18330876445337912
24,income_statement,2008-01-01,0.0,31,-1.2641780585750124,-0.4420826380489507
25,income_statement,2009-01-01,0.3125,32,0.3313499518678926,0.113365018625168
26,income_statement,2010-01-01,0.5757575757575758,33,0.9425235659709014,0.3020456918959756
27,income_statement,2011-01-01,0.3235294117647059,34,0.010908793294899658,0.003646504072113114
28,income_statement,2012-01-01,0.4857142857142857,35,0.7339082043723438,0.15998197356071295
29,income_statement,2013-01-01,0.8055555555555556,36,1.9450789224389506,0.4708004239797589
30,income_statement,2014-01-01,0.43243243243243246,37,0.4158158580066144,0.135426819146172
31,income_statement,2015-01-01,0.2564102564102564,39,0.24197363238441644,0.0491276436013051
32,income_statement,2016-01-01,0.4878048780487805,41,0.822347896724676,0.22154532272202063
33,income_statement,2017-01-01,0.47619047619047616,42,1.388706018923902,0.24361136099623573
34,income_statement,2018-01-01,0.27906976744186046,43,0.24195381674118693,0.09615158287310871
35,income_statement,2019-01-01,0.6666666666666666,45,1.7952471706566135,0.5959517034803186
36,income_statement,2020-01-01,0.8043478260869565,46,2.1452422485722034,1.2154791255709598
37,income_statement,2021-01-01,0.4375,48,0.27790120420727366,0.1251322550553091
38,income_statement,2022-01-01,0.2641509433962264,53,-0.02074501154840637,-0.006507968203239632
39,income_statement,2023-01-01,0.4074074074074074,54,1.0584650345698894,0.21202361313066145
40,balance_sheet,2004-01-01,0.38461538461538464,26,0.8641615333466846,0.2299070003948008
41,balance_sheet,2005-01-01,0.5714285714285714,28,1.3101743980112182,0.3046554798217653
42,balance_sheet,2006-01-01,0.5,28,0.7032415613758113,0.20225497998696648
43,balance_sheet,2007-01-01,0.41379310344827586,29,0.49239109206872256,0.12746705253699958
44,balance_sheet,2008-01-01,0.03225806451612903,31,-1.1308961624387912,-0.41955633404013015
45,balance_sheet,2009-01-01,0.1875,32,0.31346534925688097,0.05152605233720732
46,balance_sheet,2010-01-01,0.6666666666666666,33,1.1016712808964335,0.3803452738817486
47,balance_sheet,2011-01-01,0.29411764705882354,34,0.019107621848408016,0.0070157371102779
48,balance_sheet,2012-01-01,0.4,35,0.9157616237353989,0.15313162856436058
49,balance_sheet,2013-01-01,0.75,36,2.184168075642895,0.5071571622216149
50,balance_sheet,2014-01-01,0.5675675675675675,37,0.6584960670741777,0.22641883653198064
51,balance_sheet,2015-01-01,0.2564102564102564,39,0.3653832838396691,0.09420012867396726
52,balance_sheet,2016-01-01,0.2926829268292683,41,0.48107216766352867,0.08851954279777698
53,balance_sheet,2017-01-01,0.5476190476190477,42,1.0662879180321276,0.16821104021060487
54,balance_sheet,2018-01-01,0.3023255813953488,43,-0.05454938940742898,-0.018091087871576594
55,balance_sheet,2019-01-01,0.6222222222222222,45,1.6205729099726058,0.3586796364182601
56,balance_sheet,2020-01-01,0.717391304347826,46,1.7986259493134573,0.7951023611502251
57,balance_sheet,2021-01-01,0.3958333333333333,48,0.25500634113355714,0.11126413023675386
58,balance_sheet,2022-01-01,0.33962264150943394,53,0.21668424447051224,0.08369096555081455
59,balance_sheet,2023-01-01,0.37037037037037035,54,0.5821261451285962,0.13774708331189348
60,cash_flow_statement,2004-01-01,0.5384615384615384,26,1.4349406634164505,0.4496815759023439
61,cash_flow_statement,2005-01-01,0.39285714285714285,28,0.8662995208623455,0.14826576501475816
62,cash_flow_statement,2006-01-01,0.6071428571428571,28,0.998212272177875,0.26491489870164137
63,cash_flow_statement,2007-01-01,0.3448275862068966,29,0.5733105098329992,0.13956093819507645
64,cash_flow_statement,2008-01-01,0.0,31,-1.1538474722797736,-0.3888124885582227
65,cash_flow_statement,2009-01-01,0.625,32,0.8889703917834721,0.2647502938125619
66,cash_flow_statement,2010-01-01,0.6363636363636364,33,0.9762131975382318,0.32316612561194397
67,cash_flow_statement,2011-01-01,0.3235294117647059,34,0.26087411386049647,0.09232263175680475
68,cash_flow_statement,2012-01-01,0.3142857142857143,35,0.9689462913463875,0.17511979447360962
69,cash_flow_statement,2013-01-01,0.8333333333333334,36,1.878856397446434,0.3604541775713675
70,cash_flow_statement,2014-01-01,0.4864864864864865,37,0.6162174245161277,0.16060932336615488
71,cash_flow_statement,2015-01-01,0.1794871794871795,39,-0.2148318719337126,-0.042150597585756996
72,cash_flow_statement,2016-01-01,0.4146341463414634,41,0.5561821136210776,0.09145950401990526
73,cash_flow_statement,2017-01-01,0.5714285714285714,42,1.555234416258458,0.2639762869940006
74,cash_flow_statement,2018-01-01,0.23255813953488372,43,-0.059449939681328404,-0.017290582988671786
75,cash_flow_statement,2019-01-01,0.6888888888888889,45,1.680956890209165,0.49745627693700006
76,cash_flow_statement,2020-01-01,0.5652173913043478,46,1.25908500865912,0.5676909519753485
77,cash_flow_statement,2021-01-01,0.375,48,0.08793365428769663,0.0368426315758853
78,cash_flow_statement,2022-01-01,0.22641509433962265,53,-0.1008604146529939,-0.029163188319664253
79,cash_flow_statement,2023-01-01,0.5,54,1.2378855137758646,0.27201258142899176
80,computed,2004-01-01,0.5769230769230769,26,1.138279247434367,0.3140292525386291
81,computed,2005-01-01,0.6785714285714286,28,0.45289731693149443,0.26943075613079126
82,computed,2006-01-01,0.5714285714285714,28,0.9772672302720667,0.21698521163622794
83,computed,2007-01-01,0.3793103448275862,29,0.7188555051028426,0.17810684987775657
84,computed,2008-01-01,0.03225806451612903,31,-1.047360080308084,-0.3769837573427388
85,computed,2009-01-01,0.1875,32,0.9560971337212196,0.13401010552620407
86,computed,2010-01-01,0.6363636363636364,33,1.1221628979776734,0.34732266542185875
87,computed,2011-01-01,0.3235294117647059,34,0.01761294939744623,0.006317306020830464
88,computed,2012-01-01,0.4,35,1.0020290698521377,0.19072798561547344
89,computed,2013-01-01,0.6944444444444444,36,0.559756915185436,0.5612332993581257
90,computed,2014-01-01,0.4864864864864865,37,0.663565349591478,0.22622654877429516
91,computed,2015-01-01,0.23076923076923078,39,0.24847923743369535,0.07101685531240898
92,computed,2016-01-01,0.6341463414634146,41,1.540125467941931,0.35394804604195773
93,computed,2017-01-01,0.5714285714285714,42,1.4546370714034325,0.2613949625446452
94,computed,2018-01-01,0.2558139534883721,43,0.5359415803904631,0.3066290242996965
95,computed,2019-01-01,0.6666666666666666,45,1.4982943101986048,0.4117113818740188
96,computed,2020-01-01,0.7608695652173914,46,1.5971660760583077,0.7461602705112146
97,computed,2021-01-01,0.2916666666666667,48,0.13780020905574542,0.0656349742279241
98,computed,2022-01-01,0.2830188679245283,53,0.10134439823745195,0.03318003183728073
99,computed,2023-01-01,0.6851851851851852,54,1.648546962859549,0.4805106874662985
