,metric,start date,pct correct,stocks picked,Sharpe Ratio,Avg Return
0,all,2004-01-01,0.4230769230769231,26,1.1103261414516463,0.039089574607253534
1,all,2004-04-01,0.5384615384615384,26,2.001472220308958,0.10417883597650848
2,all,2004-07-01,0.25925925925925924,27,0.7899525057109458,-0.009753643052678155
3,all,2004-10-01,0.7037037037037037,27,2.032302721512312,0.10395679376101041
4,all,2005-01-01,0.42857142857142855,28,0.974892668736599,-0.02290376071554816
5,all,2005-04-01,0.75,28,1.9922268559161633,0.12043495724757382
6,all,2005-07-01,0.7142857142857143,28,1.2397529061906245,0.12058345983256866
7,all,2005-10-01,0.5,28,0.2403989151615316,0.04403801384862358
8,all,2006-01-01,0.7857142857142857,28,0.9464771877194755,0.2290422393175648
9,all,2006-04-01,0.1724137931034483,29,0.9556927656472234,-0.10552390908176443
10,all,2006-07-01,0.3793103448275862,29,1.6922430405985982,0.020569863566053927
11,all,2006-10-01,0.7586206896551724,29,1.7950095516371212,0.10625484291587219
12,all,2007-01-01,0.3793103448275862,29,0.7060196606306358,0.0005704971828423861
13,all,2007-04-01,0.7666666666666667,30,0.45316307156259816,0.1848245409596395
14,all,2007-07-01,0.5333333333333333,30,0.4160702462850477,0.0862914988516109
15,all,2007-10-01,0.6333333333333333,30,-0.5000445896027051,0.09918246082811695
16,all,2008-01-01,0.1935483870967742,31,-1.2911469622841911,-0.11191125425945152
17,all,2008-04-01,0.3870967741935484,31,-0.7171888431946865,0.01031024053142787
18,all,2008-07-01,0.0,31,-0.9791536666699947,-0.3041906653967374
19,all,2008-10-01,0.09375,32,-0.0441266059924337,-0.25011419154604475
20,all,2009-01-01,0.15625,32,1.0793537211862805,0.012390156582560234
21,all,2009-04-01,0.75,32,1.9265177009140062,0.24934974574010266
22,all,2009-07-01,0.9090909090909091,33,1.110664741477311,0.7369695204099338
23,all,2009-10-01,0.6666666666666666,33,0.6942273868260548,0.13875957731977454
24,all,2010-01-01,0.6666666666666666,33,1.3650566790061816,0.12432300540659746
25,all,2010-04-01,0.21212121212121213,33,1.3276070279302254,-0.08056634503271601
26,all,2010-07-01,0.5151515151515151,33,1.145873701709126,0.08653123144043455
27,all,2010-10-01,0.9090909090909091,33,0.23090291690979084,0.24220749567446895
28,all,2011-01-01,0.5294117647058824,34,-0.08604072416374761,0.11042471523845732
29,all,2011-04-01,0.35294117647058826,34,0.22770071409670078,0.007570673400947287
30,all,2011-07-01,0.08823529411764706,34,0.3784045455570486,-0.14491474411165545
31,all,2011-10-01,0.3142857142857143,35,0.9975295695230751,0.04869123828331319
32,all,2012-01-01,0.6857142857142857,35,0.5712500605590326,0.1462864530888731
33,all,2012-04-01,0.17142857142857143,35,1.1524914351833344,-0.10715631177434912
34,all,2012-07-01,0.5714285714285714,35,1.4740801864992603,0.06267541345855332
35,all,2012-10-01,0.4722222222222222,36,2.3120334668489333,0.03731207386732192
36,all,2013-01-01,0.7777777777777778,36,2.5253137379620814,0.13866874350563094
37,all,2013-04-01,0.3888888888888889,36,1.9788799689028744,0.07145167618180129
38,all,2013-07-01,0.8055555555555556,36,1.7181735133531546,0.2620453861970213
39,all,2013-10-01,0.7837837837837838,37,0.6156796537669712,0.17475559870917204
40,all,2014-01-01,0.43243243243243246,37,0.28969208174957434,0.0214500253519864
41,all,2014-04-01,0.6578947368421053,38,0.2886275047191083,0.11226166436418711
42,all,2014-07-01,0.15789473684210525,38,-0.11861657096843627,-0.059562849689405666
43,all,2014-10-01,0.7435897435897436,39,0.45699708848239456,0.10180475656257772
44,all,2015-01-01,0.46153846153846156,39,0.2920779041406708,0.042522733578556814
45,all,2015-04-01,0.55,40,-0.24257581329608635,0.08335817317837632
46,all,2015-07-01,0.075,40,-0.9747650797375673,-0.15455435066346665
47,all,2015-10-01,0.7804878048780488,41,1.13173890655529,0.09218347331334227
48,all,2016-01-01,0.2682926829268293,41,0.8707646478764242,-0.01856132034395959
49,all,2016-04-01,0.8048780487804879,41,1.105349778965338,0.2398756620881413
50,all,2016-07-01,0.6428571428571429,42,1.2265280500846565,0.11563701403355894
51,all,2016-10-01,0.40476190476190477,42,1.5568615322273995,-0.005089858704682629
52,all,2017-01-01,0.38095238095238093,42,1.8102791267438436,0.005619914915191676
53,all,2017-04-01,0.5714285714285714,42,1.1082755209172042,0.05728596147561582
54,all,2017-07-01,0.5813953488372093,43,1.3717822778832771,0.1047103830660701
55,all,2017-10-01,0.5813953488372093,43,1.7605794983840612,0.10353191534187722
56,all,2018-01-01,0.23255813953488372,43,-0.519460346023254,-0.06850532665862306
57,all,2018-04-01,0.5909090909090909,44,0.9728829870024986,0.138583553571331
58,all,2018-07-01,0.6590909090909091,44,1.3774888149758324,0.15434415829826098
59,all,2018-10-01,0.044444444444444446,45,0.4064917869178171,-0.17740336886602023
60,all,2019-01-01,0.7333333333333333,45,2.4957295737914764,0.12347158186563424
61,all,2019-04-01,0.4,45,-0.42374138775404746,0.008678848569849558
62,all,2019-07-01,0.2826086956521739,46,0.3439060134097757,-0.05663699012410762
63,all,2019-10-01,0.5217391304347826,46,0.3075867764100983,0.08574484399594122
64,all,2020-01-01,0.06521739130434782,46,1.7709771644978405,-0.29235762512793523
65,all,2020-04-01,0.6595744680851063,47,1.6411576508548988,0.3316773832741448
66,all,2020-07-01,0.574468085106383,47,1.1796731983881128,0.20430880306802182
67,all,2020-10-01,0.7083333333333334,48,0.8984036791233022,0.37549266233056144
68,all,2021-01-01,0.7083333333333334,48,0.5207270490434016,0.19425787420876764
69,all,2021-04-01,0.7755102040816326,49,1.047366977953511,0.18922192262262516
70,all,2021-07-01,0.44,50,-0.4778974152302027,0.007830416067206455
71,all,2021-10-01,0.5961538461538461,52,-0.3507286288332997,0.036282849626894015
72,all,2022-01-01,0.1509433962264151,53,-0.6678649923373365,-0.10304176716932259
73,all,2022-04-01,0.09433962264150944,53,0.26393692939108443,-0.12156753740581142
74,all,2022-07-01,0.18867924528301888,53,0.6075624700375508,-0.04555150551469664
75,all,2022-10-01,0.5185185185185185,54,0.6367294183127132,0.08170581389855386
76,all,2023-01-01,0.5925925925925926,54,1.17263365130845,0.08380978526274836
77,all,2023-04-01,0.5925925925925926,54,0.8740031974231417,0.05090857990676034
78,all,2023-07-01,0.42592592592592593,54,1.194508265575948,0.08558226672418533
79,all,2023-10-01,0.38181818181818183,55,0.8419723286771944,0.0362906944744883
80,income_statement,2004-01-01,0.46153846153846156,26,1.2439365478979156,0.06671332928728967
81,income_statement,2004-04-01,0.46153846153846156,26,1.2211642931455438,0.08048020230056742
82,income_statement,2004-07-01,0.5185185185185185,27,1.7871794435183614,0.041190722432193946
83,income_statement,2004-10-01,0.7777777777777778,27,2.6058818292721884,0.12196207689450012
84,income_statement,2005-01-01,0.39285714285714285,28,1.5610573677042532,-0.006642291437190471
85,income_statement,2005-04-01,0.5,28,1.679097893286966,0.05608490357533813
86,income_statement,2005-07-01,0.5714285714285714,28,1.2728097891775447,0.14728019463136557
87,income_statement,2005-10-01,0.5,28,0.21390340399380955,0.04146393624382327
88,income_statement,2006-01-01,0.75,28,0.9979709858720578,0.18009857190509207
89,income_statement,2006-04-01,0.2413793103448276,29,0.40891994369306306,-0.06874822902815937
90,income_statement,2006-07-01,0.4482758620689655,29,1.5114302633018082,0.031001256920560202
91,income_statement,2006-10-01,0.6896551724137931,29,1.336490339546724,0.08752066270821106
92,income_statement,2007-01-01,0.5517241379310345,29,1.2218789994507087,0.03734071804535034
93,income_statement,2007-04-01,0.6,30,0.1809847455877665,0.09553172079774375
94,income_statement,2007-07-01,0.5333333333333333,30,0.3807231567997214,0.07649686686688754
95,income_statement,2007-10-01,0.6,30,-0.46239191614180836,0.09719589743238875
96,income_statement,2008-01-01,0.22580645161290322,31,-1.2864126426166969,-0.06881105302655145
97,income_statement,2008-04-01,0.25806451612903225,31,-0.8057527788469756,-0.06636939607354642
98,income_statement,2008-07-01,0.03225806451612903,31,-0.8957606300154421,-0.2497314307184926
99,income_statement,2008-10-01,0.15625,32,-0.045199392019538424,-0.2283760038636786
100,income_statement,2009-01-01,0.21875,32,0.8391544026771482,-0.011081272306628049
101,income_statement,2009-04-01,0.75,32,2.196614176881105,0.2661362110844894
102,income_statement,2009-07-01,0.9393939393939394,33,1.055798096825267,0.5494934937176121
103,income_statement,2009-10-01,0.7575757575757576,33,0.7714899414810212,0.161677615729049
104,income_statement,2010-01-01,0.6363636363636364,33,1.3481516883140938,0.09393991015554311
105,income_statement,2010-04-01,0.21212121212121213,33,0.9508726232113647,-0.094092868857391
106,income_statement,2010-07-01,0.7272727272727273,33,1.3913630982353253,0.14295341345374027
107,income_statement,2010-10-01,0.8181818181818182,33,-0.19158881953595328,0.20165284032976147
108,income_statement,2011-01-01,0.5588235294117647,34,-0.3886397584582353,0.08252147318307296
109,income_statement,2011-04-01,0.35294117647058826,34,0.49807469920242664,-0.003669626616654532
110,income_statement,2011-07-01,0.14705882352941177,34,0.23482690379996465,-0.10158125952592834
111,income_statement,2011-10-01,0.4857142857142857,35,1.068588630102998,0.04600737886080097
112,income_statement,2012-01-01,0.7714285714285715,35,0.9234734343163248,0.1705979437964035
113,income_statement,2012-04-01,0.11428571428571428,35,0.9622365086576016,-0.14168497916397835
114,income_statement,2012-07-01,0.6571428571428571,35,1.737438598707797,0.07484234241550757
115,income_statement,2012-10-01,0.4166666666666667,36,2.5540115160963124,-0.00848459854219863
116,income_statement,2013-01-01,0.6388888888888888,36,1.6169197934506274,0.10745031584950765
117,income_statement,2013-04-01,0.5277777777777778,36,1.9108195532386778,0.09015527580557955
118,income_statement,2013-07-01,0.6666666666666666,36,1.2489266672874935,0.2707316282708263
119,income_statement,2013-10-01,0.5405405405405406,37,0.6477020096670338,0.07218379747264064
120,income_statement,2014-01-01,0.4864864864864865,37,0.7084604641426091,0.10266965697003683
121,income_statement,2014-04-01,0.5263157894736842,38,0.8655415021962445,0.06823665885772762
122,income_statement,2014-07-01,0.2894736842105263,38,0.12412302595772555,-0.006625715122359088
123,income_statement,2014-10-01,0.6666666666666666,39,0.24340578157871226,0.08575686454641708
124,income_statement,2015-01-01,0.5641025641025641,39,0.26604256106600827,0.08496592806851669
125,income_statement,2015-04-01,0.625,40,-0.22917095634907955,0.11766923635995248
126,income_statement,2015-07-01,0.125,40,-0.6620719189388898,-0.13351146493084165
127,income_statement,2015-10-01,0.7073170731707317,41,1.4279637402190568,0.0911251935766997
128,income_statement,2016-01-01,0.2926829268292683,41,1.2714918749753215,0.04354618862684135
129,income_statement,2016-04-01,0.6341463414634146,41,0.8821881331605977,0.1529455506912566
130,income_statement,2016-07-01,0.5952380952380952,42,1.0879487424241374,0.10421204854542342
131,income_statement,2016-10-01,0.3333333333333333,42,1.646753084534676,-0.05222519856698084
132,income_statement,2017-01-01,0.30952380952380953,42,1.24463956874151,0.020529471370732074
133,income_statement,2017-04-01,0.5952380952380952,42,1.5070502475974423,0.09664722969187296
134,income_statement,2017-07-01,0.7674418604651163,43,1.6725557045489055,0.13956032547519953
135,income_statement,2017-10-01,0.5581395348837209,43,0.8866343727282706,0.07961701794883673
136,income_statement,2018-01-01,0.3023255813953488,43,-0.7805047873814617,-0.040243620887997864
137,income_statement,2018-04-01,0.5454545454545454,44,0.9998335504889528,0.2220020519384575
138,income_statement,2018-07-01,0.6590909090909091,44,1.460300023378749,0.2277479971716895
139,income_statement,2018-10-01,0.06666666666666667,45,0.28439478680081304,-0.20575016491841633
140,income_statement,2019-01-01,0.7111111111111111,45,2.8521137752440886,0.1239629798580819
141,income_statement,2019-04-01,0.4222222222222222,45,-0.1912130613204718,0.01985614531712326
142,income_statement,2019-07-01,0.34782608695652173,46,0.48598620370594997,-0.014670924779072754
143,income_statement,2019-10-01,0.5,46,0.03143538903721251,0.08125468673114747
144,income_statement,2020-01-01,0.10869565217391304,46,1.3397613398194075,-0.25223415641601954
145,income_statement,2020-04-01,0.8297872340425532,47,1.582623712216263,0.5353846391512205
146,income_statement,2020-07-01,0.5531914893617021,47,1.9220870081593786,0.08026358199132919
147,income_statement,2020-10-01,0.7916666666666666,48,0.8916957533285,0.45416997219846245
148,income_statement,2021-01-01,0.6875,48,0.30242491434932167,0.21648593180536327
149,income_statement,2021-04-01,0.6122448979591837,49,0.7898657597983261,0.11287890677324763
150,income_statement,2021-07-01,0.48,50,-0.49652382700158093,0.004395119935343556
151,income_statement,2021-10-01,0.46153846153846156,52,-0.3897811084597503,0.026904382604222364
152,income_statement,2022-01-01,0.18867924528301888,53,-0.6544000176059956,-0.06375542092105638
153,income_statement,2022-04-01,0.11320754716981132,53,0.3048702084456799,-0.14963734003404935
154,income_statement,2022-07-01,0.1320754716981132,53,0.5973484897741909,-0.09153728422135944
155,income_statement,2022-10-01,0.46296296296296297,54,0.6313158075661032,0.25777904596510287
156,income_statement,2023-01-01,0.5555555555555556,54,0.5951808370011331,0.05861088211480465
157,income_statement,2023-04-01,0.6666666666666666,54,1.2593013550326608,0.18363371547652604
158,income_statement,2023-07-01,0.3333333333333333,54,0.7500029823835799,-0.024426470890688168
159,income_statement,2023-10-01,0.509090909090909,55,1.048930378085636,0.06704451365026153
160,balance_sheet,2004-01-01,0.6153846153846154,26,1.8130318166179875,0.11317179168256761
161,balance_sheet,2004-04-01,0.38461538461538464,26,1.2494592484445006,0.017635885639039502
162,balance_sheet,2004-07-01,0.4074074074074074,27,1.0502426094561523,-0.007821395108509828
163,balance_sheet,2004-10-01,0.7037037037037037,27,2.287418540621868,0.13044673447666336
164,balance_sheet,2005-01-01,0.2857142857142857,28,0.9151979525577749,-0.10975888289533597
165,balance_sheet,2005-04-01,0.6071428571428571,28,1.860596732898156,0.059387243572538814
166,balance_sheet,2005-07-01,0.4642857142857143,28,1.1982256217963092,0.10502960435496654
167,balance_sheet,2005-10-01,0.4642857142857143,28,0.6068205457298423,0.03210623958241989
168,balance_sheet,2006-01-01,0.6071428571428571,28,0.6239447670753373,0.14133490360490583
169,balance_sheet,2006-04-01,0.27586206896551724,29,0.6474097224467228,-0.06833898228684541
170,balance_sheet,2006-07-01,0.2413793103448276,29,1.5732989348733175,-0.0005575355902031543
171,balance_sheet,2006-10-01,0.7241379310344828,29,1.4108450018464516,0.12297750263494117
172,balance_sheet,2007-01-01,0.4827586206896552,29,0.861954882830364,0.017304962012050187
173,balance_sheet,2007-04-01,0.6,30,0.15292538284168614,0.10821071388683447
174,balance_sheet,2007-07-01,0.43333333333333335,30,0.27340977095221186,0.02793702279387815
175,balance_sheet,2007-10-01,0.5666666666666667,30,-0.41329270104006743,0.0678101669099853
176,balance_sheet,2008-01-01,0.25806451612903225,31,-1.2440255571291274,-0.09187612728722162
177,balance_sheet,2008-04-01,0.5161290322580645,31,-0.6964787479502214,0.06269746748567118
178,balance_sheet,2008-07-01,0.03225806451612903,31,-1.1692149605959008,-0.2852070710920172
179,balance_sheet,2008-10-01,0.1875,32,-0.10611599367730937,-0.209832354930658
180,balance_sheet,2009-01-01,0.125,32,0.3631836032201861,-0.06802348295263397
181,balance_sheet,2009-04-01,0.75,32,1.8051387061666604,0.428104400354535
182,balance_sheet,2009-07-01,0.8787878787878788,33,0.9042073960578961,0.4913189702204338
183,balance_sheet,2009-10-01,0.6060606060606061,33,0.5872573139050583,0.13263288063700143
184,balance_sheet,2010-01-01,0.6363636363636364,33,1.4012858146548628,0.11175311595337992
185,balance_sheet,2010-04-01,0.18181818181818182,33,0.973571308514682,-0.08600024108334599
186,balance_sheet,2010-07-01,0.6666666666666666,33,1.2749354287014687,0.11178849582382895
187,balance_sheet,2010-10-01,0.7575757575757576,33,0.11795218143122652,0.1985050317965047
188,balance_sheet,2011-01-01,0.47058823529411764,34,-0.2318088923340498,0.12723399615454142
189,balance_sheet,2011-04-01,0.29411764705882354,34,0.2779500102184398,-0.05619811951079694
190,balance_sheet,2011-07-01,0.11764705882352941,34,0.007480219296546409,-0.14813750623118666
191,balance_sheet,2011-10-01,0.6,35,1.129763719244537,0.06382133916288314
192,balance_sheet,2012-01-01,0.7714285714285715,35,0.9670457158829997,0.12605494570589107
193,balance_sheet,2012-04-01,0.2,35,1.0940774177903707,-0.08637068465081113
194,balance_sheet,2012-07-01,0.5714285714285714,35,1.2993558707970216,0.04493512698058612
195,balance_sheet,2012-10-01,0.4444444444444444,36,2.1303745316818374,0.06069342699919949
196,balance_sheet,2013-01-01,0.75,36,1.8913907503501703,0.1149164381634073
197,balance_sheet,2013-04-01,0.4444444444444444,36,1.7795193744870943,0.03759002765542589
198,balance_sheet,2013-07-01,0.6944444444444444,36,0.7618790359656838,0.20130307417037613
199,balance_sheet,2013-10-01,0.5945945945945946,37,0.15414300606678014,0.07874608076063071
200,balance_sheet,2014-01-01,0.4864864864864865,37,0.536457579130174,0.06468374737263571
201,balance_sheet,2014-04-01,0.5263157894736842,38,0.18252360178943208,0.040205334477615484
202,balance_sheet,2014-07-01,0.15789473684210525,38,-0.4781747370068673,-0.06855583326468509
203,balance_sheet,2014-10-01,0.717948717948718,39,0.33081190987494663,0.13685793943340402
204,balance_sheet,2015-01-01,0.5384615384615384,39,0.3811717092346101,0.08822685080920578
205,balance_sheet,2015-04-01,0.6,40,-0.03335417745782721,0.11914665087997153
206,balance_sheet,2015-07-01,0.075,40,-0.6629909002404732,-0.15716843133455893
207,balance_sheet,2015-10-01,0.5609756097560976,41,0.8681530344920584,0.04888934344914497
208,balance_sheet,2016-01-01,0.3170731707317073,41,0.7133030854986264,-0.046196960481272135
209,balance_sheet,2016-04-01,0.7073170731707317,41,1.0039140592271958,0.16240577618328386
210,balance_sheet,2016-07-01,0.47619047619047616,42,0.46013511897959164,0.06349158011011231
211,balance_sheet,2016-10-01,0.40476190476190477,42,1.3054781573303287,-0.01819225916650421
212,balance_sheet,2017-01-01,0.38095238095238093,42,1.0294589313082563,0.011475825559783511
213,balance_sheet,2017-04-01,0.6190476190476191,42,1.0872950819529774,0.09366837876472725
214,balance_sheet,2017-07-01,0.6511627906976745,43,1.1518679329963168,0.10178868320490055
215,balance_sheet,2017-10-01,0.6744186046511628,43,2.1017577574808106,0.11602896556634491
216,balance_sheet,2018-01-01,0.3488372093023256,43,-0.10588836158364516,-0.023272368112132336
217,balance_sheet,2018-04-01,0.7045454545454546,44,1.0560563829505993,0.21469816019576937
218,balance_sheet,2018-07-01,0.5,44,1.1606913339263676,0.12007403987990208
219,balance_sheet,2018-10-01,0.022222222222222223,45,-0.03999200566988606,-0.2296249030656586
220,balance_sheet,2019-01-01,0.7333333333333333,45,1.8872332194341301,0.08935366498942972
221,balance_sheet,2019-04-01,0.5111111111111111,45,-0.36602791809131363,0.020358727652221256
222,balance_sheet,2019-07-01,0.2608695652173913,46,0.3682577309137171,-0.013354119165359132
223,balance_sheet,2019-10-01,0.5652173913043478,46,0.19983506822015704,0.06263668866076343
224,balance_sheet,2020-01-01,0.08695652173913043,46,1.284956134298969,-0.3048820649276416
225,balance_sheet,2020-04-01,0.7446808510638298,47,1.7307547584530814,0.35085147554180995
226,balance_sheet,2020-07-01,0.6595744680851063,47,1.2411713974078915,0.17613782734963765
227,balance_sheet,2020-10-01,0.75,48,0.735810048550878,0.30978165962974635
228,balance_sheet,2021-01-01,0.7708333333333334,48,0.7892139438149335,0.2672103938736481
229,balance_sheet,2021-04-01,0.6938775510204082,49,1.0530809268811507,0.34698977420317034
230,balance_sheet,2021-07-01,0.38,50,-0.08821698077891785,0.039864150514237286
231,balance_sheet,2021-10-01,0.5384615384615384,52,-0.28799903039195496,0.017025979861216848
232,balance_sheet,2022-01-01,0.22641509433962265,53,-0.6712668677525921,-0.0825925015728916
233,balance_sheet,2022-04-01,0.1509433962264151,53,0.2605144526075366,-0.13246843333012862
234,balance_sheet,2022-07-01,0.1509433962264151,53,0.8290128613496399,-0.06990397684388482
235,balance_sheet,2022-10-01,0.5925925925925926,54,0.7321232965272876,0.141370382905859
236,balance_sheet,2023-01-01,0.48148148148148145,54,1.500248538358132,0.032288718553309406
237,balance_sheet,2023-04-01,0.6296296296296297,54,1.0524554688332906,0.09347582707671886
238,balance_sheet,2023-07-01,0.2962962962962963,54,1.4204502374509127,0.09136029432717126
239,balance_sheet,2023-10-01,0.43636363636363634,55,1.0414209061363204,0.05363094269913552
240,cash_flow_statement,2004-01-01,0.5769230769230769,26,1.8807868852258134,0.07646962492491113
241,cash_flow_statement,2004-04-01,0.38461538461538464,26,1.67652229442705,0.022057702038625684
242,cash_flow_statement,2004-07-01,0.4074074074074074,27,1.2809975981892974,0.03576875255213828
243,cash_flow_statement,2004-10-01,0.7777777777777778,27,2.0011909715420955,0.13304028450041888
244,cash_flow_statement,2005-01-01,0.2857142857142857,28,0.9135635859039709,-0.03620376229506613
245,cash_flow_statement,2005-04-01,0.5714285714285714,28,2.0253799251589655,0.08764444729450561
246,cash_flow_statement,2005-07-01,0.6785714285714286,28,1.105188625785243,0.10899559744845048
247,cash_flow_statement,2005-10-01,0.75,28,0.6774783185918002,0.12499346171722278
248,cash_flow_statement,2006-01-01,0.6785714285714286,28,1.1337586879980586,0.13758494159608886
249,cash_flow_statement,2006-04-01,0.10344827586206896,29,0.76124127731455,-0.0861582342294558
250,cash_flow_statement,2006-07-01,0.3793103448275862,29,1.0911550228839133,0.009137080471691384
251,cash_flow_statement,2006-10-01,0.7241379310344828,29,1.7795979513921254,0.10044005567521835
252,cash_flow_statement,2007-01-01,0.3103448275862069,29,0.4660790271290084,-0.005895434051103173
253,cash_flow_statement,2007-04-01,0.5333333333333333,30,-0.09611395481785948,0.06710798544486593
254,cash_flow_statement,2007-07-01,0.5666666666666667,30,0.32113996996663297,0.04689232545130222
255,cash_flow_statement,2007-10-01,0.36666666666666664,30,-0.5371985491275394,0.002147509252079115
256,cash_flow_statement,2008-01-01,0.22580645161290322,31,-1.2658696251099453,-0.059754577995190336
257,cash_flow_statement,2008-04-01,0.2903225806451613,31,-0.7705747135847858,0.02413248685148926
258,cash_flow_statement,2008-07-01,0.0967741935483871,31,-0.7986607817158928,-0.23773793778050464
259,cash_flow_statement,2008-10-01,0.03125,32,-0.1366112028872347,-0.2832694541627393
260,cash_flow_statement,2009-01-01,0.1875,32,1.291254548609747,0.028334881219077693
261,cash_flow_statement,2009-04-01,0.84375,32,1.9562054295453537,0.25873888947499163
262,cash_flow_statement,2009-07-01,0.8787878787878788,33,1.10034734101811,0.39740558780720064
263,cash_flow_statement,2009-10-01,0.6363636363636364,33,0.7258296073388755,0.12353360731838826
264,cash_flow_statement,2010-01-01,0.5757575757575758,33,0.9775129087118734,0.08236521798324195
265,cash_flow_statement,2010-04-01,0.15151515151515152,33,0.9266801697622697,-0.1282393516082891
266,cash_flow_statement,2010-07-01,0.6666666666666666,33,1.516336539355688,0.1345128305494846
267,cash_flow_statement,2010-10-01,0.8787878787878788,33,-0.3446982106205254,0.18814132351997917
268,cash_flow_statement,2011-01-01,0.5,34,-0.15686197180307015,0.07685435906996857
269,cash_flow_statement,2011-04-01,0.35294117647058826,34,0.04323902170672938,0.02505893254993392
270,cash_flow_statement,2011-07-01,0.029411764705882353,34,0.11815243230158405,-0.15957585511541847
271,cash_flow_statement,2011-10-01,0.42857142857142855,35,1.1470396988701406,0.0796569830467716
272,cash_flow_statement,2012-01-01,0.6,35,0.6203316250868156,0.10398181250846011
273,cash_flow_statement,2012-04-01,0.11428571428571428,35,0.506465242456315,-0.09770654308330497
274,cash_flow_statement,2012-07-01,0.4857142857142857,35,1.1402650787185376,0.0426902546572547
275,cash_flow_statement,2012-10-01,0.4722222222222222,36,2.6810751657782625,0.04207469136289043
276,cash_flow_statement,2013-01-01,0.6666666666666666,36,2.118718524385181,0.09108211272842676
277,cash_flow_statement,2013-04-01,0.3611111111111111,36,1.6932749801506621,0.02039529056536436
278,cash_flow_statement,2013-07-01,0.7777777777777778,36,1.2270450526692707,0.19865677708968488
279,cash_flow_statement,2013-10-01,0.7297297297297297,37,0.9083631104733909,0.12436480966745396
280,cash_flow_statement,2014-01-01,0.5135135135135135,37,0.16376867373160714,0.09617673229080537
281,cash_flow_statement,2014-04-01,0.5263157894736842,38,1.1664594752845716,0.0956719096596631
282,cash_flow_statement,2014-07-01,0.23684210526315788,38,0.12884701325649386,-0.01793009425205204
283,cash_flow_statement,2014-10-01,0.7435897435897436,39,0.17145642715219359,0.09444891687312611
284,cash_flow_statement,2015-01-01,0.5384615384615384,39,0.3346069347983128,0.08083502311579023
285,cash_flow_statement,2015-04-01,0.475,40,-0.4131421217712088,0.018108347233968
286,cash_flow_statement,2015-07-01,0.05,40,-0.6531497791988451,-0.1456300789364206
287,cash_flow_statement,2015-10-01,0.8292682926829268,41,1.1673296688397536,0.08115886858099203
288,cash_flow_statement,2016-01-01,0.3170731707317073,41,0.7201383898579511,-0.048799109110380295
289,cash_flow_statement,2016-04-01,0.6097560975609756,41,1.2413374389524623,0.1124573828441015
290,cash_flow_statement,2016-07-01,0.5,42,1.3323633988604593,0.06800122201369532
291,cash_flow_statement,2016-10-01,0.35714285714285715,42,1.1628454069808911,-0.08763638348676597
292,cash_flow_statement,2017-01-01,0.40476190476190477,42,1.805800436319181,0.0252384747362399
293,cash_flow_statement,2017-04-01,0.40476190476190477,42,1.0000684039726626,0.04082192251013492
294,cash_flow_statement,2017-07-01,0.5813953488372093,43,1.0704182729933214,0.08214278217602079
295,cash_flow_statement,2017-10-01,0.6046511627906976,43,0.8025728983124011,0.06494307156692625
296,cash_flow_statement,2018-01-01,0.3488372093023256,43,-0.2388057797480454,-0.03198495654194719
297,cash_flow_statement,2018-04-01,0.6136363636363636,44,0.8814582434362881,0.10629221544382995
298,cash_flow_statement,2018-07-01,0.5227272727272727,44,0.8060746405304873,0.07826975395434398
299,cash_flow_statement,2018-10-01,0.044444444444444446,45,-0.1346920053199669,-0.20481766592150877
300,cash_flow_statement,2019-01-01,0.7777777777777778,45,2.7688781877214907,0.15760716270196065
301,cash_flow_statement,2019-04-01,0.5333333333333333,45,-0.3180454037451728,0.04726889618946745
302,cash_flow_statement,2019-07-01,0.5,46,0.32957108453284567,0.019904837966735468
303,cash_flow_statement,2019-10-01,0.6086956521739131,46,0.17286974261540466,0.06757309795305792
304,cash_flow_statement,2020-01-01,0.08695652173913043,46,1.5363192279231812,-0.2516990080509451
305,cash_flow_statement,2020-04-01,0.851063829787234,47,1.847522336318297,0.4477594587204156
306,cash_flow_statement,2020-07-01,0.5106382978723404,47,1.7588765421378154,0.14006786096147653
307,cash_flow_statement,2020-10-01,0.6875,48,1.6547561329731213,0.2427785785242228
308,cash_flow_statement,2021-01-01,0.7291666666666666,48,0.4580158295459202,0.3574374301699532
309,cash_flow_statement,2021-04-01,0.6530612244897959,49,0.8367722408653139,0.1002124139768479
310,cash_flow_statement,2021-07-01,0.38,50,-0.5022161553132418,-0.011031715082218882
311,cash_flow_statement,2021-10-01,0.5384615384615384,52,-0.36133767781197446,0.06375437048813838
312,cash_flow_statement,2022-01-01,0.24528301886792453,53,-0.6549273698124011,-0.051164929861118
313,cash_flow_statement,2022-04-01,0.11320754716981132,53,-0.03664610537985014,-0.12089099934045913
314,cash_flow_statement,2022-07-01,0.20754716981132076,53,0.48824760700525904,-0.07694859385921655
315,cash_flow_statement,2022-10-01,0.5925925925925926,54,1.1487119819238514,0.1256995666852014
316,cash_flow_statement,2023-01-01,0.5555555555555556,54,1.0176784587476737,0.08166591970190974
317,cash_flow_statement,2023-04-01,0.6111111111111112,54,1.253084300781655,0.07929973347372263
318,cash_flow_statement,2023-07-01,0.2962962962962963,54,0.6262254410840817,-0.06084210511404921
319,cash_flow_statement,2023-10-01,0.5636363636363636,55,1.0962524590373794,0.09822814908485364
320,computed,2004-01-01,0.5384615384615384,26,1.6980138809530119,0.07321402748047168
321,computed,2004-04-01,0.5,26,1.9198310579923057,0.07662341409089383
322,computed,2004-07-01,0.2962962962962963,27,1.1086668701881883,-0.025841194635785717
323,computed,2004-10-01,0.7407407407407407,27,1.6700615085087582,0.11517350721482567
324,computed,2005-01-01,0.42857142857142855,28,1.194876402879556,-0.02142293799003531
325,computed,2005-04-01,0.6428571428571429,28,1.6181303431498137,0.10388637514463886
326,computed,2005-07-01,0.5714285714285714,28,0.8911142225522808,0.1008787726846575
327,computed,2005-10-01,0.6428571428571429,28,0.5081824841166003,0.09277184334828738
328,computed,2006-01-01,0.7857142857142857,28,0.8982051971890724,0.1805492573004594
329,computed,2006-04-01,0.2413793103448276,29,1.0085660703214436,-0.04450318017887831
330,computed,2006-07-01,0.3448275862068966,29,1.7459104444094085,-0.02043837739857172
331,computed,2006-10-01,0.7586206896551724,29,1.3215753919836433,0.093959994221114
332,computed,2007-01-01,0.3793103448275862,29,0.777974915059415,-0.007173247191847797
333,computed,2007-04-01,0.6333333333333333,30,0.14827046568530822,0.16060775253135237
334,computed,2007-07-01,0.5333333333333333,30,0.3644379461959644,0.08333438819640375
335,computed,2007-10-01,0.5666666666666667,30,-0.49209586996602256,0.09559444908980966
336,computed,2008-01-01,0.3225806451612903,31,-1.211017696714873,-0.07168475593236176
337,computed,2008-04-01,0.41935483870967744,31,-0.8777669009981139,0.04744661205600983
338,computed,2008-07-01,0.0,31,-1.0067157522138133,-0.3143564022850392
339,computed,2008-10-01,0.0625,32,-0.1252784205144886,-0.21608811081813092
340,computed,2009-01-01,0.1875,32,0.8781115175922166,-0.007604929793978721
341,computed,2009-04-01,0.78125,32,1.8928045305140346,0.285560417674343
342,computed,2009-07-01,0.9393939393939394,33,1.0773752434853965,0.7497162190981127
343,computed,2009-10-01,0.5757575757575758,33,0.513131961176595,0.10944664896434864
344,computed,2010-01-01,0.6666666666666666,33,1.5721138763018487,0.11542159012523105
345,computed,2010-04-01,0.2727272727272727,33,1.0499047478578718,-0.0785494228724694
346,computed,2010-07-01,0.6363636363636364,33,1.635307587324912,0.1226581109448799
347,computed,2010-10-01,0.9090909090909091,33,-0.04637509156001975,0.24615893075943296
348,computed,2011-01-01,0.6470588235294118,34,-0.09590698737550633,0.13935397212707287
349,computed,2011-04-01,0.38235294117647056,34,-0.009268097162318039,-0.00201686128091197
350,computed,2011-07-01,0.029411764705882353,34,0.0407800661909417,-0.1521909311031735
351,computed,2011-10-01,0.34285714285714286,35,1.6422835849211426,0.05436692441038039
352,computed,2012-01-01,0.8,35,0.9403043329889078,0.17362626462034006
353,computed,2012-04-01,0.2571428571428571,35,0.9601430706272643,-0.11486859792100516
354,computed,2012-07-01,0.4,35,1.2917891408736015,0.0367569561849766
355,computed,2012-10-01,0.4166666666666667,36,2.2062798087362476,-0.022660117736041145
356,computed,2013-01-01,0.6666666666666666,36,2.1106504275630114,0.09782523516950249
357,computed,2013-04-01,0.5555555555555556,36,2.3678546399395985,0.0940548105754796
358,computed,2013-07-01,0.7777777777777778,36,1.555183544559073,0.24703631831736989
359,computed,2013-10-01,0.7027027027027027,37,0.747664936763032,0.14328008616123913
360,computed,2014-01-01,0.40540540540540543,37,0.46168071320880366,0.014813846122329988
361,computed,2014-04-01,0.5,38,0.6471093139044384,0.08218186756213185
362,computed,2014-07-01,0.2631578947368421,38,-0.36712799117929723,-0.03817052387276115
363,computed,2014-10-01,0.6923076923076923,39,0.5149656629928685,0.11938284192394885
364,computed,2015-01-01,0.46153846153846156,39,0.012480252253385515,0.041337007378133374
365,computed,2015-04-01,0.475,40,-0.6111304103716374,0.06769559716755595
366,computed,2015-07-01,0.15,40,-0.6297673485031093,-0.14229262763187306
367,computed,2015-10-01,0.7560975609756098,41,1.222018563987096,0.07268513877905709
368,computed,2016-01-01,0.24390243902439024,41,0.2877173836415496,-0.04803094009918845
369,computed,2016-04-01,0.8048780487804879,41,1.1531710972031803,0.1878580619495227
370,computed,2016-07-01,0.5714285714285714,42,0.8639366214327372,0.10506708683961476
371,computed,2016-10-01,0.38095238095238093,42,1.4661603219041799,-0.05070639742810132
372,computed,2017-01-01,0.4523809523809524,42,1.0634149378246165,0.013560621382292535
373,computed,2017-04-01,0.6428571428571429,42,1.3599865822387123,0.07195924763404597
374,computed,2017-07-01,0.5348837209302325,43,1.4611112314601966,0.07025236647296869
375,computed,2017-10-01,0.46511627906976744,43,1.6604758678588696,0.062010754179207844
376,computed,2018-01-01,0.27906976744186046,43,-0.37009647515847,-0.025074271740473494
377,computed,2018-04-01,0.5909090909090909,44,0.6268109527943163,0.10257452044100278
378,computed,2018-07-01,0.6136363636363636,44,1.3437905473034484,0.16082376519017438
379,computed,2018-10-01,0.044444444444444446,45,0.15725758907681497,-0.1961010814723436
380,computed,2019-01-01,0.7777777777777778,45,2.410064163164616,0.12440296641247076
381,computed,2019-04-01,0.4,45,-0.3285835344883738,0.013912887108827649
382,computed,2019-07-01,0.41304347826086957,46,0.8232129278621988,0.00017774904650846388
383,computed,2019-10-01,0.43478260869565216,46,0.2632463711798162,0.07984280053681526
384,computed,2020-01-01,0.10869565217391304,46,1.814542034732217,-0.3176662414482059
385,computed,2020-04-01,0.6595744680851063,47,1.521867735296583,0.2859545543729494
386,computed,2020-07-01,0.6595744680851063,47,0.9493001142686531,0.2525329299285663
387,computed,2020-10-01,0.7708333333333334,48,0.8235005050874808,0.3700589331621679
388,computed,2021-01-01,0.7708333333333334,48,0.5695205464798033,0.20527894443836062
389,computed,2021-04-01,0.5918367346938775,49,1.311930371183738,0.3479625000614559
390,computed,2021-07-01,0.4,50,-0.5954927513317171,-0.016136611049601096
391,computed,2021-10-01,0.6730769230769231,52,-0.203931071626898,0.0811745503622403
392,computed,2022-01-01,0.16981132075471697,53,-0.36506990920254817,-0.0673947819700394
393,computed,2022-04-01,0.1320754716981132,53,0.18778749451711876,-0.1569761166896221
394,computed,2022-07-01,0.22641509433962265,53,1.337819707950362,-0.01698651393549268
395,computed,2022-10-01,0.5925925925925926,54,0.5124598747744797,0.3196592002837251
396,computed,2023-01-01,0.5740740740740741,54,1.5650834473734403,0.11958793952914118
397,computed,2023-04-01,0.5185185185185185,54,0.9134706489357277,0.07796935784721157
398,computed,2023-07-01,0.3333333333333333,54,0.8285047068063943,-0.06441471084373232
399,computed,2023-10-01,0.5272727272727272,55,1.2207823376312148,0.11399613776668008
